2.244481513061003000e+02 3.213161770405394968e-01 3.588679172157197428e+01
2.245119293078055875e+02 4.002092861018525793e-01 3.502941632431594599e+01
2.245481668087745106e+02 4.344934501201457300e-01 3.438923339276025359e+01
2.246139291527788657e+02 4.762111464227579138e-01 3.424921323928377603e+01
2.247880241841717748e+02 4.713975660801488221e-01 3.457190915432911993e+01
2.247941012324625945e+02 4.917603286566932796e-01 3.411511510735601860e+01
2.248771180528641196e+02 4.699945740640260605e-01 3.465377102550189647e+01
2.249774591116967599e+02 5.024804278738081997e-01 3.429428726455313381e+01
2.250924269436477800e+02 5.068366793271839033e-01 3.475249980621656931e+01
2.250809472133943245e+02 5.616773893496628256e-01 3.454844585691031966e+01
2.251121618479187703e+02 5.705294163243159744e-01 3.464017518021858422e+01
2.249869544996511763e+02 5.703356328966746602e-01 3.474002790481358005e+01
2.251322145570110820e+02 5.783505154639175805e-01 3.438662894349275234e+01
2.254066041392140107e+02 5.522440120920858453e-01 3.482926129757382938e+01
2.254506084799627956e+02 5.585691031702968434e-01 3.468258274552360376e+01
2.255131462677311731e+02 5.467560654212851867e-01 3.489159755057747248e+01
2.255463995039144152e+02 5.569645763894272017e-01 3.494984884892644317e+01
2.255555305790248894e+02 5.482675761568870376e-01 3.492743198201689836e+01
2.255966591737074509e+02 5.560886752964886437e-01 3.502104488024183837e+01
2.256280908456708687e+02 5.339431051856444732e-01 3.550551895201922292e+01
2.257234322920703846e+02 5.353615998759786443e-01 3.495682505232152693e+01
2.258272692039376750e+02 5.586853732268816097e-01 3.529127199441903429e+01
2.257505852259514825e+02 5.485311216184791672e-01 3.533787303309821226e+01
2.255739322533136999e+02 5.437175412758701309e-01 3.519878304007441017e+01
2.255459809317107158e+02 5.521044880241842145e-01 3.538983799705449229e+01
2.253147507945120651e+02 5.449034958530346584e-01 3.476592512208355856e+01
2.250391675063948469e+02 5.761026277032788023e-01 3.449080691419269584e+01
2.247975583288117321e+02 5.754747693977211309e-01 3.350174405084877094e+01
2.247282381210758899e+02 5.543446244477172602e-01 3.392692039376792223e+01
2.247946903340826168e+02 5.690489109371366094e-01 3.352502906751414713e+01
2.248701263467948195e+02 5.789318657468413010e-01 3.369773660956514760e+01
2.248971242539338107e+02 5.912719944190373278e-01 3.374431439423300816e+01
2.249752422292845608e+02 5.791876598713278090e-01 3.428735756918068489e+01
2.251378032710642572e+02 5.651964963956283006e-01 3.410170529416324570e+01
2.252236648321835446e+02 5.737152158747383934e-01 3.392443221455700808e+01
2.250698317959848112e+02 5.648786915742965986e-01 3.406109603906674010e+01
2.250510890628633547e+02 5.742190527866056771e-01 3.400520114719789433e+01
2.250209596155336840e+02 5.788621037128904856e-01 3.395866987055266861e+01
2.250848848926439700e+02 5.741880474381830801e-01 3.395935973955507592e+01
2.252084722114564670e+02 5.819548872180451138e-01 3.442665684830632955e+01
2.255175567785443036e+02 5.442136268506316821e-01 3.410279048135803492e+01
2.255843733043950010e+02 5.605999534919773319e-01 3.429445004263235575e+01
2.255277032788156077e+02 5.787303309820943653e-01 3.458295480970467395e+01
2.254800480582900661e+02 5.852414541508410561e-01 3.380041857220370360e+01
2.255073405162390543e+02 5.599953491977366360e-01 3.410399193860941125e+01
2.256165491047205762e+02 5.361057282381210820e-01 3.397300984419812409e+01
2.256288504767072425e+02 5.517789318657468911e-01 3.416351445624370342e+01
2.256669327959072859e+02 5.503526858383070985e-01 3.447615688706301995e+01
2.257415161615378736e+02 4.909774436090225680e-01 3.522062630803813477e+01
2.258293465622819838e+02 5.396713433067203969e-01 3.455946050693744809e+01
2.258875280985970164e+02 5.597783117587783464e-01 3.452976513448570017e+01
2.257196883962483582e+02 5.694674831408418347e-01 3.399054336873110316e+01
2.253675218975273253e+02 5.735911944810480056e-01 3.336863809007054016e+01
2.252001860320905280e+02 5.572358731881249527e-01 3.302689713975660624e+01
2.251704751569645850e+02 5.762654057824975196e-01 3.331468103247810575e+01
2.251948453608247291e+02 5.287884660103867596e-01 3.386007286256879212e+01
2.254105728238121173e+02 5.527478490039531289e-01 3.342446321990543368e+01
2.252355166266180788e+02 5.823192000620106556e-01 3.290053484226029212e+01
2.252311448724905176e+02 5.586853732268816097e-01 3.330579024881792094e+01
2.253405549957367668e+02 5.669405472443996841e-01 3.352619176807999679e+01
2.252146500271296929e+02 4.716688628788466287e-01 3.317829625610417565e+01
2.252604991861095982e+02 4.866521975040694614e-01 3.386701806061545739e+01
2.252729168281528587e+02 5.385163940779784664e-01 3.354473296643671176e+01
2.253980466630493709e+02 5.641500658863654039e-01 3.356004185722036937e+01
2.254429734129137159e+02 6.015270134098131827e-01 3.356270056584760653e+01
2.253231144872490574e+02 5.964731416169288813e-01 3.389754282613751002e+01
2.253801565770095294e+02 6.192310673591194803e-01 3.376068521820013757e+01
2.254894969382218335e+02 5.897294783350127689e-01 3.381994419037283706e+01
2.255532051778931759e+02 5.738547399426401352e-01 3.380517789318657407e+01
2.257053329199286793e+02 5.663591969614758526e-01 3.438500116270056850e+01
2.259174870165103357e+02 6.021393690411596111e-01 3.442656383226106698e+01
2.260299434152391314e+02 5.848693899697697818e-01 3.435855360049608720e+01
2.258695915045345259e+02 5.860165878614060908e-01 3.415672428493915191e+01
2.257953491977366127e+02 5.580575149213239383e-01 3.417271529338810865e+01
2.259122703666382392e+02 5.571893651654910018e-01 3.388725680179830846e+01
2.259132160297651239e+02 5.468258274552360021e-01 3.377829625610417708e+01
2.259323463297418755e+02 5.514766297186264321e-01 3.391868072242461807e+01
2.258812417642043329e+02 5.592822261840167952e-01 3.351120843345476885e+01
2.256139524067901618e+02 5.601658786140609747e-01 3.324076428183861509e+01
2.252491279745756003e+02 5.801565770095341579e-01 3.290617781567320321e+01
2.252328811720021804e+02 5.700255794124486908e-01 3.289627160685218143e+01
2.253421130144949984e+02 5.568173009844198384e-01 3.300326331292147586e+01
2.254765987132780367e+02 5.501589024106657844e-01 3.322928455158514538e+01
2.254013719866676979e+02 5.603829160530191533e-01 3.322011471978916575e+01
2.252729788388496956e+02 5.821099139601580985e-01 3.267637392450197353e+01
2.252366870785210438e+02 5.628168359041935132e-01 3.266678552050228745e+01
2.250777536625067796e+02 5.773273389659716592e-01 3.263317572281218304e+01
2.250325091078211130e+02 5.755522827687775678e-01 3.255281761103790217e+01
2.250983877218820339e+02 5.894891868847376148e-01 3.284691109216339555e+01
2.250601658786140717e+02 5.763894271761879073e-01 3.242188202464924984e+01
2.251678707076970909e+02 5.452368033485776033e-01 3.282890473606697412e+01
2.252597705604216856e+02 5.599178358266800881e-01 3.288332687388574271e+01
2.254029765134485785e+02 5.575924346949848731e-01 3.293664057049841176e+01
2.253582590496860689e+02 5.524920548794667319e-01 3.323029997674598945e+01
2.254848771413068675e+02 5.546314239206262542e-01 3.270913107511045581e+01
2.252662429269048801e+02 5.859158204790326785e-01 3.313766374699635975e+01
2.251415006588636629e+02 5.770792961785907726e-01 3.312523060227889005e+01
2.252669250445702005e+02 5.664057049841098035e-01 3.318972172699790946e+01
2.254014882567242921e+02 5.581195256181691322e-01 3.303871792884272196e+01
2.253356096426633712e+02 5.519804666304937157e-01 3.314095806526626120e+01
2.253089760483683506e+02 5.669482985815053055e-01 3.366421982792031287e+01
2.252989458181536406e+02 5.514456243702038352e-01 3.366564607394775521e+01
2.251733664057049964e+02 5.431749476784745179e-01 3.293370281373537267e+01
2.248569800790636464e+02 5.525773195876289012e-01 3.214736842105263293e+01
2.246123401286722014e+02 5.772653282691264653e-01 3.177082396713432999e+01
2.245920006201069725e+02 5.561351833191225946e-01 3.232195178668320068e+01
2.245747306410355861e+02 5.529571351058057971e-01 3.237231222385861429e+01
2.247259824819781500e+02 5.590341833966359086e-01 3.235969304705061944e+01
2.247917835826680175e+02 5.166421207658321579e-01 3.290434850011627077e+01
2.248512053329199318e+02 5.529183784202774676e-01 3.274954654677932098e+01
2.250078908611735642e+02 5.482288194713588192e-01 3.280141849469033133e+01
2.249695139911634669e+02 5.142159522517634196e-01 3.251929307805596636e+01
2.248990775908844171e+02 5.257731958762886793e-01 3.269180683667932641e+01
2.250331679714750805e+02 5.092861018525696171e-01 3.267513371056507054e+01
2.251107898612510780e+02 5.253468723354778325e-01 3.299529493837687255e+01
2.250962406015037516e+02 5.176420432524611037e-01 3.290951864196573950e+01
2.251430044182621373e+02 5.357879234167893800e-01 3.304058600108518817e+01
2.249201147197891544e+02 5.529261297573832001e-01 3.293961708394697752e+01
2.250474071777381653e+02 5.809084567087822171e-01 3.325850709247345094e+01
2.250192000620106967e+02 5.577242074257809934e-01 3.316670800713122702e+01
2.250426246027439845e+02 4.582125416634369452e-01 3.289901558018758010e+01
2.250874583365630599e+02 4.727075420510037929e-01 3.312736997132005001e+01
2.251029532594372427e+02 5.555538330361987631e-01 3.290072087435082437e+01
2.251240291450275208e+02 5.639020230989846283e-01 3.309746531276645243e+01
2.253454925974730543e+02 5.561041779706999977e-01 3.342971087512595574e+01
2.251939617083947098e+02 5.988683047825750227e-01 3.285849934113634419e+01
2.247509185334470203e+02 5.971009999224866638e-01 3.185351523137741125e+01
2.244234322920703733e+02 5.629873653205177408e-01 3.180737927292457812e+01
2.242909541895976986e+02 5.343926827377722955e-01 3.244354701185954326e+01
2.242600418572203580e+02 5.587086272381985852e-01 3.219658941167351429e+01
2.242426943647779183e+02 5.707076970777459346e-01 3.195517401751802211e+01
2.242184326796372318e+02 5.544531431671962940e-01 3.246919618634214544e+01
2.244814588016432708e+02 5.463297418804743399e-01 3.261999069839547616e+01
2.242377180063560900e+02 5.949616308813270305e-01 3.277042864894194452e+01
2.243499108596232929e+02 5.876676226649096835e-01 3.259929462832338487e+01
2.244001007673823835e+02 6.055112006821176118e-01 3.261993643903573314e+01
2.242808541973490435e+02 6.216029765134485352e-01 3.251100689869002736e+01
2.243417874583365688e+02 6.062165723587318311e-01 3.273679559724052268e+01
2.244829315556933693e+02 5.829858150530966565e-01 3.261241764204325477e+01
2.246143554763196732e+02 5.664212076583210465e-01 3.285598790791411261e+01
2.247206108053639184e+02 5.572978838849701466e-01 3.285543756297961693e+01
2.246995969304705056e+02 5.347027362219982649e-01 3.314636074722889703e+01
2.247623517556778552e+02 5.450430199209364002e-01 3.289413223781102147e+01
2.247616618866754550e+02 5.301216959925587613e-01 3.295580187582358178e+01
2.246764979458956759e+02 5.488566777769164906e-01 3.307235098054414379e+01
2.247096891713820526e+02 5.475854584915897938e-01 3.283763274164793700e+01
2.247338113324548488e+02 5.560266645996434498e-01 3.313774901170452125e+01
2.247279048135803521e+02 5.558173784977908927e-01 3.277662196728935839e+01
2.246097976901015443e+02 5.674521354933725892e-01 3.241082086659948658e+01
2.241186264630648850e+02 5.551197581582822949e-01 3.159119448104798167e+01
2.238800713123013679e+02 5.579955042244787444e-01 3.152795132160297698e+01
2.237843965584063142e+02 5.627238198589256113e-01 3.117579257421905226e+01
2.237612975738314844e+02 5.659018680722424088e-01 3.094091930858073169e+01
2.237148593132315284e+02 5.739710099992249015e-01 3.157901713045500358e+01
2.236029222540888384e+02 5.689791489031857941e-01 3.131478179986047650e+01
2.237306797922641692e+02 5.655298038911712455e-01 3.151712270366638080e+01
2.237743198201689836e+02 5.714673281140997263e-01 3.154215177118052793e+01
2.238520812340128714e+02 5.444694209751181901e-01 3.150396868459809241e+01
2.237790946438260562e+02 5.497015735214324517e-01 3.180752654832958726e+01
2.237505309665917252e+02 5.882954809704673549e-01 3.154146965351523235e+01
2.236532206805673866e+02 5.790791411518486642e-01 3.155450740252693720e+01
2.236131772730796001e+02 5.732656383226106822e-01 3.211237888535772100e+01
2.237503759398496186e+02 5.896829703123789290e-01 3.183321447949771255e+01
2.239664367103325446e+02 5.432912177350592842e-01 3.202824587241298815e+01
2.239325091078210903e+02 5.398961320827843080e-01 3.249971320052708990e+01
2.238706766917293294e+02 5.681575071699868085e-01 3.204125261607627095e+01
2.239298659018680837e+02 5.816680877451360088e-01 3.213929927912565176e+01
2.239648166808774477e+02 5.778234245407333214e-01 3.209608557476164492e+01
2.241395705759243526e+02 5.700333307495543123e-01 3.247228896984729829e+01
2.240894736842105317e+02 5.915510425548407003e-01 3.253595845283311405e+01
2.242033563289667484e+02 5.831640958065266167e-01 3.248204790326331448e+01
2.241280288349740317e+02 5.666304937601736036e-01 3.263207503294318457e+01
2.240979303929927937e+02 5.611968064491125174e-01 3.276892488954344884e+01
2.241658708627238070e+02 5.699558173784977644e-01 3.225159289977521127e+01
2.241307650569723364e+02 5.719014029920160835e-01 3.201427021161150321e+01
2.238306255329044347e+02 5.582823036973878494e-01 3.195401906828928063e+01
2.235069141926982468e+02 5.391287497093248948e-01 3.124867064568638142e+01
2.232236028214867076e+02 5.962406015037593487e-01 3.126369273699713247e+01
2.232352918378420270e+02 5.887063018370668477e-01 3.119882179675994038e+01
2.232100534842260231e+02 5.781567320362762663e-01 3.179557398651267519e+01
2.230365553057902446e+02 5.108673746221222833e-01 3.179056662274242484e+01
2.231313464072552506e+02 4.941709944965506640e-01 3.192866444461669673e+01
2.232154096581660383e+02 5.443066428958995839e-01 3.191227811797535097e+01
2.232249825594915080e+02 5.628245872412991346e-01 3.228852802108363562e+01
2.232948221068134274e+02 5.788698550499961071e-01 3.212472676536702920e+01
2.230275172467250684e+02 6.061778156732036127e-01 3.223102085109681525e+01
2.234273544686458308e+02 6.033330749554297601e-01 3.216101852569568109e+01
2.234268661344081863e+02 5.339508565227502057e-01 3.253372606774668441e+01
2.235780869700023175e+02 5.405317417254476009e-01 3.285735214324471087e+01
2.234773040849546533e+02 5.691884350050383512e-01 3.318413301294473428e+01
2.237155414308968204e+02 5.705371676614215959e-01 3.290561196806449118e+01
2.237054879466708144e+02 5.381675839082241675e-01 3.323136190992946126e+01
2.236730253468723220e+02 5.701263467948221031e-01 3.320596852957135070e+01
2.236561584373304470e+02 5.858538097821873736e-01 3.270162002945507851e+01
2.234976513448569904e+02 5.942795132160297866e-01 3.287711805286411959e+01
2.235380358111774228e+02 5.944810479807767223e-01 3.276244477172312486e+01
2.235346872335477997e+02 5.782885047670722756e-01 3.268672971087512735e+01
2.235708084644601286e+02 5.548872180451127623e-01 3.284689558948918631e+01
2.235747461437098025e+02 5.735214324470970793e-01 3.249524067901712954e+01
2.233847453685760911e+02 5.780404619796915000e-01 3.238801643283466092e+01
2.234535074800403152e+02 5.432989690721649056e-01 3.277799395395705773e+01
2.235016820401519340e+02 5.719789163630726314e-01 3.240464305092628194e+01
2.231660723974885627e+02 5.663979536470040710e-01 3.166755290287574454e+01
2.227594837609487683e+02 5.816060770482908149e-01 3.073285791799085231e+01
2.225265560809239673e+02 5.659251220835593843e-01 3.100555770870475314e+01
2.223714053174172420e+02 5.904813580342609391e-01 3.057611037904038298e+01
2.222504999612433210e+02 6.191147973025347140e-01 3.027148283078831170e+01
2.220659871327804069e+02 6.163785753042400062e-01 2.982101387489342059e+01
2.220643903573366345e+02 6.007828850476707450e-01 2.966287109526393451e+01
2.222037438958220434e+02 5.722192078133477855e-01 3.033709014805053883e+01
2.224291372761801426e+02 5.804433764824432629e-01 3.053023021471203791e+01
2.223782419967444355e+02 5.785442988915587836e-01 3.032816060770482736e+01
2.222640492985040055e+02 5.562126966901790315e-01 3.031659561274319969e+01
2.224492674986435077e+02 5.486396403379583120e-01 3.059898457483916090e+01
2.225443531509185391e+02 5.455081001472753544e-01 3.078441981241764225e+01
2.227335167816448234e+02 5.242074257809472559e-01 3.131889000852646987e+01
2.228724362452523167e+02 5.440043407487791249e-01 3.155049996124331457e+01
2.228596310363537611e+02 5.409580652662584477e-01 3.144677931943260063e+01
2.227997054491899860e+02 5.407720331757228660e-01 3.154978683822959340e+01
2.228616773893496656e+02 5.557941244864739172e-01 3.153062553290442693e+01
2.229779784512828371e+02 5.719014029920160835e-01 3.182218432679637132e+01
2.231244089605457077e+02 5.695527478490040041e-01 3.189316332067281579e+01
2.231883729943415346e+02 5.583288117200216893e-01 3.214323695837531858e+01
2.233044492674986543e+02 5.656693279590729873e-01 3.178692349430276565e+01
2.234110611580497618e+02 5.691806836679327297e-01 3.250130997597085525e+01
2.235127121928532574e+02 5.638710177505619203e-01 3.233492752499806500e+01
2.234799550422447965e+02 5.680179831020850667e-01 3.203850864274087229e+01
2.237485078676071737e+02 5.613828385396480991e-01 3.265036043717541503e+01
2.237017673048600841e+02 5.504379505464692679e-01 3.228271451825440153e+01
2.235127354468645819e+02 5.519649639562824728e-01 3.182126966901790510e+01
2.229893496628168350e+02 5.683977986202619626e-01 3.112379660491434663e+01
2.225907604061700624e+02 5.730873575691807220e-01 3.069823269513991093e+01
2.225998372219207795e+02 5.716843655530579049e-01 3.075091078210991569e+01
2.225493295093403674e+02 5.634214401984342091e-01 3.092917603286566930e+01
2.225562514533756939e+02 5.709867452135493071e-01 3.101157274629873584e+01
2.227128672195953811e+02 5.648554375629796231e-01 3.102440120920858746e+01
2.227603906673901122e+02 5.559956592512208529e-01 3.109027982326951545e+01
2.227967289357414131e+02 5.651189830245717527e-01 3.098109448879931804e+01
2.227459111696767593e+02 5.566622742423067427e-01 3.117789318657468556e+01
2.227488876831253322e+02 5.591814588016432719e-01 3.110555770870475101e+01
2.223294240756530371e+02 5.039764359351988077e-01 3.148004030695295086e+01
2.223645531354158607e+02 5.222153321447949859e-01 3.125680179831021022e+01
2.225350592977288500e+02 5.735369351213084332e-01 3.120847996279358227e+01
2.229116812650182169e+02 5.951941709944965631e-01 3.135064723664832087e+01
2.228677311836291892e+02 5.700875901092938847e-01 3.149089217890086090e+01
2.229191380513138654e+02 5.842337803271063779e-01 3.170723974885667928e+01
2.228609255096504285e+02 5.891403767149833159e-01 3.188888458259049585e+01
2.227098519494612958e+02 6.032555615843733232e-01 3.176390977443609032e+01
2.227402681962638553e+02 5.731261142547089404e-01 3.202534687233547572e+01
2.228605999534919704e+02 5.957987752887372590e-01 3.184686458414076426e+01
2.228711417719556493e+02 5.722347104875591395e-01 3.185652275017440616e+01
2.230496085574761764e+02 5.443376482443221809e-01 3.235988683047825987e+01
2.228433067204092595e+02 5.601813812882722177e-01 3.189794589566700367e+01
2.229979148903185830e+02 5.677544376404929372e-01 3.209893031547942144e+01
2.230307185489496931e+02 5.731028602433919650e-01 3.200828617936593901e+01
2.228324005891016100e+02 5.982404464770172403e-01 3.131514611270443993e+01
2.223406712657933610e+02 6.013642353305945765e-01 3.034615921246415127e+01
2.221905046120455722e+02 5.887683125339121526e-01 3.072506782419967308e+01
2.220968762111464230e+02 6.065343771800635331e-01 3.085184869389969720e+01
2.222143864816681003e+02 5.967211844043097679e-01 3.082404464770172936e+01
2.221841097589334026e+02 5.846523525308116032e-01 3.073027672273467203e+01
2.222181691341756391e+02 6.062320750329431851e-01 3.049241919231067399e+01
2.223988605534454734e+02 5.632276567707930059e-01 3.088135028292380468e+01
2.225385318967522039e+02 5.951011549492287722e-01 3.060062010696845292e+01
2.227240291450275151e+02 5.634059375242229661e-01 3.097753662506782391e+01
2.227111619254321511e+02 5.587241299124099392e-01 3.096203395085652232e+01
2.227032943182699114e+02 5.692659483760948991e-01 3.096752189752732320e+01
2.228009069064413552e+02 5.531044105108131603e-01 3.083322998217192534e+01
2.228945818153631535e+02 5.639020230989846283e-01 3.108683822959460485e+01
2.228842415316642018e+02 5.582900550344934709e-01 3.112249438028059956e+01
2.228701573521432522e+02 5.599720951864196605e-01 3.125226726610340222e+01
2.229655608092396051e+02 5.668862878846601117e-01 3.118793116812650013e+01
2.230522905201147239e+02 5.839624835284086268e-01 3.158422602899000253e+01
2.230301992093636159e+02 5.915820479032632973e-01 3.126597163010619340e+01
2.230278505542206062e+02 5.836524300441826574e-01 3.093338500891403697e+01
2.231446864584140712e+02 5.539725602666459858e-01 3.128559026432059653e+01
2.232311913805131383e+02 5.527013409813192890e-01 3.116989380668165310e+01
2.231517324238431002e+02 5.528641190605378952e-01 3.126289434927524979e+01
2.231798930315479481e+02 5.277730408495465708e-01 3.158490039531819349e+01
2.232050306177815742e+02 5.453143167196341512e-01 3.128031935508875350e+01
2.228450972792806795e+02 5.919773660956515471e-01 3.068817921091388357e+01
2.226134330672040846e+02 5.499263622974963628e-01 3.013255561584373154e+01
2.222634446942097384e+02 5.870242616851406581e-01 2.971437097899387680e+01
2.223368498566002529e+02 5.549802340903805531e-01 2.986269281451050261e+01
2.222972095186419779e+02 5.688396248352840523e-01 2.996300286799472801e+01
2.223363382683512839e+02 5.378342764126812225e-01 2.949636462289744898e+01
2.222852957135105783e+02 5.463374932175800724e-01 2.996239051236338113e+01
2.222817223471048749e+02 5.599488411751026851e-01 2.983078055964653785e+01
2.223248972947833408e+02 5.561971940159677885e-01 2.994043097434307299e+01
2.223040849546546838e+02 5.617238973722967765e-01 2.986773118362917501e+01
2.221009301604526911e+02 5.727385473994264231e-01 2.950738702426168558e+01
2.221645763894271681e+02 5.308115649949616266e-01 2.979323308270676662e+01
2.221576389427176252e+02 5.709169831795984917e-01 2.965664677156809503e+01
2.221139214014417576e+02 5.754825207348267524e-01 2.971768855127509568e+01
2.223101232462599910e+02 5.556778544298891509e-01 2.994379505464692670e+01
2.224050926284783998e+02 5.648786915742965986e-01 2.996408805518952079e+01
2.226360282148670535e+02 5.618944267886210042e-01 3.015457716456088733e+01
2.227754437640492995e+02 5.771180528641191021e-01 3.049493062553290557e+01
2.228822571893651627e+02 5.852802108363692746e-01 3.046897914890318404e+01
2.231869622509883015e+02 5.719944190372839854e-01 3.066156111929307926e+01
2.234554995736764624e+02 4.635377102550189976e-01 3.156507247500193714e+01
2.235745136035966141e+02 4.772343229207038351e-01 3.186290210061235584e+01
2.235592822261840240e+02 5.648476862258740017e-01 3.134312843965583895e+01
2.235281063483450907e+02 5.838074567862956421e-01 3.144996511898302316e+01
2.233776916518099256e+02 6.076350670490660022e-01 3.072261065033718452e+01
2.228493450120145667e+02 6.255949151228586969e-01 2.961467328114099828e+01
2.226133555538330313e+02 6.244244632199054124e-01 2.943454770947988663e+01
2.225334702736221857e+02 5.941244864739168019e-01 2.949145802650957293e+01
2.222674753895046820e+02 5.997054491899852513e-01 2.946915742965661522e+01
2.224625300364312750e+02 5.508797767614913576e-01 2.986648321835516739e+01
2.225350282923804457e+02 5.841485156189443195e-01 2.968151306100302378e+01
2.225170839469808470e+02 5.926207270754204615e-01 2.992277342841640220e+01
2.226000775133710476e+02 5.839779862026199808e-01 2.994301992093636144e+01
2.224384931400666687e+02 5.794744593442369140e-01 2.969199286876986221e+01
2.224171614603519060e+02 5.710720099217114765e-01 2.962433919851174480e+01
2.223656150685993396e+02 5.639097744360902498e-01 2.985842957910239548e+01
2.224440430974343030e+02 5.647004108208666384e-01 2.987244399658941063e+01
2.224668862878846483e+02 5.790558871405316888e-01 2.997932718393922968e+01
2.226967056817300943e+02 5.538562902100612195e-01 3.014009766684753089e+01
2.229126734361677507e+02 5.542981164250833093e-01 3.006966901790558921e+01
2.231314549259747366e+02 5.397100999922486153e-01 3.038050538717928717e+01
2.232863111386714081e+02 5.279513216029765310e-01 3.055157739710099918e+01
2.232935353848538966e+02 5.272692039376792872e-01 3.052592047128129593e+01
2.233779706999457346e+02 5.360592202154871311e-01 3.080738702426168629e+01
2.233701806061545483e+02 5.444771723122238116e-01 3.123657855980156484e+01
2.232426478567552977e+02 5.568638090070536784e-01 3.101879699248120303e+01
2.233305402681962732e+02 5.709324858538097347e-01 3.094560886752964990e+01
2.234148438105573291e+02 5.592434694984884658e-01 3.127928842725370018e+01
2.234772963336175451e+02 5.663049376017362802e-01 3.094057049841097751e+01
2.231112936981629389e+02 5.917370746453762820e-01 3.035430586776218931e+01
2.228854429889155995e+02 5.966126656848306231e-01 3.001127044415161649e+01
2.226436477792419169e+02 5.980001550267420862e-01 2.969434152391287540e+01
2.226350127897062237e+02 5.838462134718238605e-01 2.958750484458569119e+01
2.226524610495310412e+02 5.661964188822571353e-01 2.987456786295636135e+01
2.226061545616618957e+02 5.853654755445314439e-01 2.971041779706999364e+01
2.226145027517246717e+02 5.576854507402526639e-01 2.986854507402527048e+01
2.227105185644523715e+02 5.549879854274862856e-01 2.995483295868537255e+01
2.228401751802185800e+02 5.630028679947290948e-01 2.963498953569490624e+01
2.227903805906518926e+02 5.679947290907682023e-01 2.997097899387644304e+01
2.228125726687853785e+02 5.473606697155258827e-01 2.983578792341678820e+01
2.230096891713820639e+02 5.234788000930160612e-01 3.008461359584528338e+01
2.229463452445546920e+02 5.406092550965041488e-01 3.013551662661809161e+01
2.230214246957600324e+02 5.360592202154871311e-01 3.032440120920858817e+01
2.228966204170219498e+02 5.730486008836523926e-01 3.009769010154251490e+01
2.230045112781954799e+02 5.596387876908767156e-01 3.014670955739865121e+01
2.231641268118750361e+02 5.708704751569645408e-01 3.007803271064258510e+01
2.231439655840632383e+02 5.430741802961011055e-01 3.028505542206030654e+01
2.233094411285946705e+02 5.495698007906363314e-01 3.055866987055267003e+01
2.232729943415239120e+02 5.371521587473839787e-01 3.026665374777148898e+01
2.234635997209518621e+02 5.513836136733586413e-01 3.047016510348035112e+01
2.233832028524920474e+02 5.591969614758546259e-01 3.058335012789706298e+01
2.234872257964498772e+02 5.454460894504301605e-01 3.046073172622277170e+01
2.233801178203240170e+02 5.491202232385086202e-01 3.042295946050693800e+01
2.229448337338190811e+02 5.762344004340749226e-01 2.927323463297418726e+01
2.225501046430509291e+02 5.686458414076428491e-01 2.916270056584760795e+01
2.223663281916130643e+02 5.566777769165180967e-01 2.905323618324160861e+01
2.222768157507169917e+02 5.454305867762189175e-01 2.904245407332764728e+01
2.222284861638632663e+02 5.551042554840710519e-01 2.943441593674909029e+01
2.223185489496938203e+02 5.599100844895744666e-01 2.940649562049453536e+01
2.224137508720254175e+02 5.610650337183163971e-01 2.961647934268661331e+01
2.226065576311913787e+02 4.635687156034415946e-01 2.897261452600573506e+01
2.226230989845748525e+02 4.751182078908611772e-01 2.975442213781877498e+01
2.225945818153631421e+02 5.375629796139833605e-01 2.949486861483605793e+01
2.225927990078288587e+02 5.718781489806992191e-01 2.930410820866599408e+01
2.226219750406945082e+02 5.587938919463607546e-01 2.966116580110069023e+01
2.228933183474149189e+02 5.488024184171769182e-01 2.975894116735136663e+01
2.228963568715603571e+02 5.424928300131772740e-01 3.001281296023564238e+01
2.228751259592279723e+02 5.494302767227347006e-01 3.008798542748624172e+01
2.227467095573986455e+02 5.611192930780559696e-01 3.012477327338966049e+01
2.229442446321990587e+02 5.016510348035035927e-01 3.056430509262848005e+01
2.230212851716921136e+02 5.146887838152081063e-01 3.030910006976203519e+01
2.230197659096194229e+02 5.265948376094876648e-01 3.043297418804743870e+01
2.232279280675916482e+02 5.470738702426168887e-01 3.041316952174249977e+01
2.232562126966901701e+02 5.519727152933880943e-01 3.055489496938221805e+01
2.232111774281063390e+02 5.727773040849546415e-01 3.056022013797380055e+01
2.230413146267731292e+02 5.864661654135338020e-01 3.022830013177273045e+01
2.228598945818153538e+02 5.787690876676226948e-01 2.909937214169444175e+01
2.225936206495620411e+02 5.966126656848306231e-01 2.900346484768622446e+01
2.224801643283466319e+02 5.644368653592745089e-01 2.940592977288582333e+01
2.224824742268041291e+02 5.613905898767537206e-01 2.938340438725680315e+01
2.225692426943647888e+02 5.673281140996822014e-01 2.944476397178513238e+01
2.224214634524455505e+02 5.815983257111851934e-01 2.952654057824974743e+01
2.222241299124098930e+02 5.966126656848306231e-01 2.942554065576311828e+01
2.222507867607162098e+02 5.804123711340206659e-01 2.918972172699790590e+01
2.222624912797457455e+02 5.769010154251608125e-01 2.966187117277730323e+01
2.222314936826602718e+02 5.999767459886830023e-01 2.948703201302224741e+01
2.221431284396558397e+02 5.583133090458104464e-01 2.954523680334857616e+01
2.223108131152623912e+02 5.444306642895899717e-01 2.967540500736377140e+01
2.223334315169366846e+02 5.588636539803115699e-01 2.954549259747306422e+01
2.224165336020463428e+02 5.451282846290985695e-01 2.996140609255096621e+01
2.224958530346484906e+02 5.334780249593055190e-01 2.980428648941942527e+01
2.224495930548019658e+02 5.669560499186109270e-01 2.983819858925664548e+01
2.227194791101464943e+02 5.681962638555150269e-01 3.065323618324161004e+01
2.227372529261297700e+02 5.857607937369195827e-01 3.033051701418494517e+01
2.227332222308348264e+02 5.691884350050383512e-01 3.049520967366870750e+01
2.227814355476319577e+02 5.609875203472598493e-01 3.023150918533447040e+01
2.228568715603441603e+02 5.654290365087977221e-01 3.010287574606619643e+01
2.227452213006743591e+02 5.521432447097124330e-01 3.041357259127199342e+01
2.226524765522052576e+02 5.492209906208821435e-01 3.051631656460739350e+01
2.222992326176265294e+02 5.979458956670025138e-01 3.013203627625765435e+01
2.218853654755445177e+02 6.097434307418029276e-01 2.916972327726532654e+01
2.216210603829160561e+02 5.983024571738625452e-01 2.893115262382761088e+01
2.215413921401441826e+02 5.770715448414851512e-01 2.879977521122393469e+01
2.214816215797225141e+02 5.722967211844043334e-01 2.900913107511045652e+01
2.214442291295248424e+02 5.918068366793272084e-01 2.861515386404154881e+01
2.214469731028602553e+02 5.563599720951863947e-01 2.917752887373071857e+01
2.214755057747461535e+02 5.596697930392993126e-01 2.892092085884815233e+01
2.215051856445236922e+02 5.452368033485776033e-01 2.908769862801333161e+01
2.215569258197039062e+02 5.608867529648864370e-01 2.877687776141384290e+01
2.218160840244942165e+02 5.674521354933725892e-01 2.911449500038756710e+01
2.218040617006433592e+02 5.674831408417951861e-01 2.912791256491744818e+01
2.218326253778776902e+02 5.552437795519726826e-01 2.943987287807146558e+01
2.218768390047283106e+02 5.523060227889310392e-01 2.950179831020851040e+01
2.218480892954034687e+02 5.257034338423377529e-01 3.006671575846833733e+01
2.217643283466397861e+02 5.875048445856910773e-01 2.922721494457794122e+01
2.220973335400356632e+02 5.497015735214324517e-01 2.970234090380590786e+01
2.220556546004185634e+02 5.643748546624293150e-01 2.953131540190683069e+01
2.220368498566002700e+02 5.731803736144485129e-01 2.933691186729710765e+01
2.219615223626075533e+02 5.623207503294318510e-01 2.959663591969614771e+01
2.219078986125106496e+02 5.500116270056584211e-01 2.955505774746143643e+01
2.216956127431982111e+02 4.805829005503449158e-01 2.915871637857530274e+01
2.216974730641035478e+02 4.980001550267421084e-01 2.934351600651112335e+01
2.216436555305790250e+02 5.434074877916440505e-01 2.911198356716533553e+01
2.214958995426711112e+02 6.020928610185256602e-01 2.844860863498953663e+01
2.213384001240214047e+02 6.085264708162158032e-01 2.833289667467638040e+01
2.211315169366715736e+02 6.057514921323928769e-01 2.825425160840244843e+01
2.210711107666072337e+02 6.153088907836601340e-01 2.815046895589489040e+01
2.206836136733586500e+02 6.273234632974188374e-01 2.829924812030075287e+01
2.207334392682737700e+02 6.042322300596852935e-01 2.819571351058057473e+01
2.205664057049841063e+02 5.787613363305169623e-01 2.851836291760328734e+01
2.206400046508022683e+02 5.483683435392605610e-01 2.820041857220370574e+01
2.206974188047438190e+02 5.525850709247345227e-01 2.856303387334315147e+01
2.206147352918378317e+02 5.418417176963026272e-01 2.867145182543988824e+01
2.206417021936283902e+02 5.649949616308813649e-01 2.825686380900705430e+01
2.207259049686070966e+02 5.832648631889001400e-01 2.830465855360049687e+01
2.208512053329199318e+02 5.539958142779629613e-01 2.839947290907681676e+01
2.209178823347027389e+02 5.715293388109449202e-01 2.814034570963491078e+01
2.208990155801875801e+02 5.514843810557321646e-01 2.852581970389892163e+01
2.210203627625765535e+02 5.760638710177505839e-01 2.837743585768545174e+01
2.210936284008991493e+02 5.563987287807147242e-01 2.867708704751569471e+01
2.211680877451360345e+02 5.723432292070381733e-01 2.862559491512285703e+01
2.212489419424850894e+02 5.664522130067436434e-01 2.878727230447251983e+01
2.213414774048523270e+02 5.602899000077513625e-01 2.877169986822726955e+01
2.213922641655685482e+02 5.555615843733043846e-01 2.862195953802030957e+01
2.213495155414308897e+02 5.725757693202077059e-01 2.897616463840012457e+01
2.212208898534997275e+02 5.935818928765211888e-01 2.873667157584683451e+01
2.210985504999612488e+02 5.961785908069141549e-01 2.844975583288117349e+01
2.208456088675296485e+02 5.958840399968994284e-01 2.772945508100147194e+01
2.206050228664444717e+02 5.839392295170916514e-01 2.798259049686070910e+01
2.205782109913960198e+02 5.579334935276335505e-01 2.806378575304239931e+01
2.205160065111231802e+02 5.652507557553677620e-01 2.799345787148283193e+01
2.204349507790093696e+02 5.769010154251608125e-01 2.773252461049531092e+01
2.204418417176962919e+02 6.049143477249825374e-01 2.823973335400356532e+01
2.204832106038291499e+02 6.115572436245252375e-01 2.825495698007906498e+01
2.205368266025889454e+02 5.754670180606155094e-01 2.829760483683435268e+01
2.206356716533601912e+02 5.701263467948221031e-01 2.834764746918843414e+01
2.204398883807456855e+02 5.383923726842880786e-01 2.855272459499263604e+01
2.203221765754592809e+02 5.934423688086194471e-01 2.833004418262150281e+01
2.202958530346484736e+02 5.923571816138283319e-01 2.816005735989458358e+01
2.204539648089295270e+02 6.027672273467172825e-01 2.829676769242694334e+01
2.205712735446864485e+02 5.967754437640493403e-01 2.839962018448182235e+01
2.206441826215022104e+02 5.883342376559956843e-01 2.882247112626928143e+01
2.207599875978606292e+02 5.797225021316176896e-01 2.873277265328269081e+01
2.208020928610185365e+02 5.783582668010232020e-01 2.829279900782885093e+01
2.208571428571428612e+02 5.684908146655297534e-01 2.872733896597162939e+01
2.207746066196419008e+02 5.760716223548562054e-01 2.862080458879156808e+01
2.208951476629718513e+02 5.391830090690644672e-01 2.896381675839082348e+01
2.211028059840322442e+02 5.458569103170296533e-01 2.915322068056739724e+01
2.211759476009611660e+02 5.702193628400898939e-01 2.892981939384543821e+01
2.209937291682815328e+02 5.589256646771567638e-01 2.947247500193783409e+01
2.209794124486473947e+02 5.624447717231222388e-01 2.899677544376405081e+01
2.206953879544221309e+02 5.968297031237888017e-01 2.868138903960933206e+01
2.204613673358654466e+02 6.087202542438571173e-01 2.818618711727772919e+01
2.204569723277265325e+02 5.945430586776219162e-01 2.831799085342221645e+01
2.204400744128362248e+02 5.784125261607627744e-01 2.843591969614758597e+01
2.205018293155569324e+02 5.710332532361832580e-01 2.833424540733276586e+01
2.205103402836989517e+02 5.807456786295636109e-01 2.804686458414076355e+01
2.206108751259592395e+02 5.521122393612898360e-01 2.839625610417797219e+01
2.206019998449732498e+02 5.506549879854274465e-01 2.844781799860475857e+01
2.205280365863111456e+02 5.624215177118052633e-01 2.856736687078521086e+01
2.203410975893341686e+02 4.890861173552437657e-01 2.803524532981939288e+01
2.204068754360127116e+02 5.098131927757537651e-01 2.831685915820478883e+01
2.204601581272769693e+02 5.290752654832958646e-01 2.818981474304317558e+01
2.203086582435470007e+02 5.591737074645376504e-01 2.866305712735447031e+01
2.203403999689946602e+02 5.972095186419656976e-01 2.849059762809084617e+01
2.203287574606619614e+02 5.971087512595922853e-01 2.866564607394775521e+01
2.204073405162390600e+02 6.161305325168591196e-01 2.866873885745291162e+01
2.204348500116269918e+02 6.245329819393845572e-01 2.873230757305635308e+01
2.205994574064025926e+02 5.918688473761724023e-01 2.878485388729555794e+01
2.206566777769165242e+02 5.812882722269591129e-01 2.902461049531044068e+01
2.207206185567010266e+02 5.541663436942873000e-01 2.929975195721262082e+01
2.209953336950623850e+02 5.865281761103789959e-01 2.926132857917991004e+01
2.210925664677156703e+02 6.168126501821564744e-01 2.907776916518099242e+01
2.209700333307495441e+02 5.938919463607472693e-01 2.874556235950701577e+01
2.205479807766839713e+02 6.096736687078521122e-01 2.805140686768467617e+01
2.202290752654832886e+02 5.914037671498333371e-01 2.809546546779319343e+01
2.202319510115494836e+02 5.943957832726145529e-01 2.795520502286644415e+01
2.200661809162080544e+02 5.993876443686535493e-01 2.811347957522672658e+01
2.200929152778854245e+02 5.943957832726145529e-01 2.806161537865281730e+01
2.203085419734904349e+02 5.655608092395938424e-01 2.836887838152081187e+01
2.202076505697232847e+02 5.659638787690877137e-01 2.788999302379660605e+01
2.203149833346252251e+02 5.685063173397411074e-01 2.808265250755755460e+01
2.204089450430199122e+02 5.736144484923649811e-01 2.835100379815518323e+01
2.204402759476009521e+02 5.716533602046353080e-01 2.814672506007286401e+01
2.204405549957367612e+02 5.682582745523603318e-01 2.846379350437950606e+01
2.205773815983257009e+02 5.529261297573832001e-01 2.845749941864971788e+01
2.206690411596000274e+02 5.577707154484148333e-01 2.850053484226028999e+01
2.207271374312068701e+02 5.726610340283698752e-01 2.875889465932873534e+01
2.208409968219517907e+02 5.686458414076428491e-01 2.887305635222075750e+01
2.208536625067824275e+02 5.833811332454847953e-01 2.863485001162700527e+01
2.209890938686923505e+02 5.787923416789396702e-01 2.884195023641578004e+01
2.209420432524610476e+02 5.570420897604836385e-01 2.895767769940314551e+01
2.209792419192310717e+02 5.687311061158050185e-01 2.906578559801565831e+01
2.210536780094566325e+02 5.732113789628711098e-01 2.858004805829005335e+01
2.211570265870862784e+02 5.455158514843810869e-01 2.886124331447174640e+01
2.211395318192388117e+02 5.606697155259282583e-01 2.901240213936904055e+01
2.211547864506627263e+02 5.578094721339430517e-01 2.902670335632896581e+01
2.211594372529261250e+02 5.822726920393768157e-01 2.921926982404464823e+01
2.208573908999302375e+02 5.851019300829393144e-01 2.783778776839004721e+01
2.206751957212619288e+02 5.869467483140842212e-01 2.802092861018525838e+01
2.206543291217735145e+02 5.814277962948608547e-01 2.847807921866521852e+01
2.206062785830555697e+02 5.887140531741725802e-01 2.818904736066971495e+01
2.204925509650414597e+02 6.039454305867761885e-01 2.830300751879699206e+01
2.204009456631268904e+02 5.850941787458336929e-01 2.791844818231144743e+01
2.204611580497635828e+02 5.672893574141539830e-01 2.815528253623750032e+01
2.204490349585303477e+02 5.798852802108364068e-01 2.768230369738779828e+01
2.205200217037439074e+02 5.613750872025424776e-01 2.857276180141074207e+01
2.204707774591117015e+02 5.717076195643748804e-01 2.824783350127897208e+01
2.204399271374311979e+02 5.735834431439423842e-01 2.840740252693589696e+01
2.205108983799705413e+02 5.992171149523293217e-01 2.824102007596310315e+01
2.207044492674986316e+02 5.862646306487868664e-01 2.857210293775676391e+01
2.208748159057437306e+02 5.760716223548562054e-01 2.860051933958607862e+01
2.209868537322688269e+02 5.831951011549492137e-01 2.870023254011316993e+01
2.208947988528020971e+02 5.889931013099759527e-01 2.864760096116580002e+01
2.209258662119215444e+02 5.773738469886054991e-01 2.885482520734826650e+01
2.211460584450817635e+02 5.743585768545074188e-01 2.883653980311603604e+01
2.213708782264940567e+02 5.552050228664444642e-01 2.974950779009379076e+01
2.213634524455468693e+02 5.517169211689015862e-01 2.925635997209518635e+01
2.212492752499806272e+02 5.481125494147740529e-01 2.955926672350980411e+01
2.213127276955274851e+02 5.593287342066506351e-01 2.986012712192853158e+01
2.217238276102627594e+02 4.934191147973025493e-01 2.997690101542515961e+01
2.217693434617471553e+02 4.977908689248895513e-01 3.014398108673746179e+01
2.214682892799007732e+02 5.807224246182466354e-01 2.921564994961631001e+01
2.212751337105650862e+02 6.269203937679249661e-01 2.881986667700178373e+01
2.212351445624370285e+02 5.932873420665064623e-01 2.932475001937834236e+01
2.211921323928377774e+02 5.997984652352530421e-01 2.927824974808154579e+01
2.210287497093248703e+02 6.259127199441903988e-01 2.889728703201302196e+01
2.210732656383226242e+02 6.028447407177738304e-01 2.913972560266645928e+01
2.210735989458181621e+02 5.954112084334547417e-01 2.888334237655995551e+01
2.211122471126269318e+02 5.886752964886442507e-01 2.894409735679404605e+01
2.209316719634136916e+02 6.189365165491047538e-01 2.917763739245019750e+01
2.209881404542283576e+02 6.154794201999844727e-01 2.899103945430586649e+01
2.213154639175257614e+02 5.855127509495388072e-01 2.943924501976590946e+01
2.211635997209518507e+02 6.234632974188047960e-01 2.910636384776373831e+01
2.211381443298969032e+02 6.061700643360979912e-01 2.894088830323230610e+01
2.211538020308503292e+02 5.826602588946593331e-01 2.931578172234710422e+01
2.213190992946283302e+02 5.856910317029687674e-01 2.927379272924579467e+01
2.212792729245794874e+02 5.795984807379273018e-01 2.950485233702813659e+01
2.212841175102705336e+02 5.643128439655840101e-01 2.956742888148205495e+01
2.213304239981396790e+02 5.688086194868614553e-01 2.923980311603751758e+01
2.212128982249438138e+02 5.835361599875978911e-01 2.946461514611270616e+01
2.212353305945275679e+02 5.685450740252693258e-01 2.966914192698240527e+01
2.212327726532826944e+02 5.323773350903030499e-01 2.998754360127121998e+01
2.212295403457096370e+02 5.581040229439577782e-01 3.001156499496163121e+01
2.211688396248352717e+02 5.621579722502131338e-01 2.930914657778466648e+01
2.207862336253003548e+02 6.034725990233315018e-01 2.882759476009611532e+01
2.204901790558871539e+02 5.981629331059608035e-01 2.864427563754747652e+01
2.202173552437795649e+02 6.114254708937291172e-01 2.821718471436322773e+01
2.201576156887063007e+02 5.850864274087279604e-01 2.834505852259514924e+01
2.201234167893961740e+02 5.771645608867529420e-01 2.815189520192233275e+01
2.201561971940159594e+02 5.786838229594605254e-01 2.837071544841485249e+01
2.204303697387799446e+02 5.619796914967831736e-01 2.955377877683900323e+01
2.206069141926982411e+02 5.755910394543058972e-01 2.956589411673513723e+01
2.207862956359972202e+02 5.926827377722657664e-01 2.925066273932253225e+01
2.208644988760561318e+02 5.768312533912099971e-01 2.949445779396945966e+01
2.208952019223316086e+02 5.902488179210914065e-01 2.973780327106425858e+01
2.207202542438570561e+02 6.018525695682505061e-01 2.928445856910316891e+01
2.206947600961165676e+02 5.894116735136810670e-01 2.893557863731493640e+01
2.204802340903805771e+02 6.096116580110069183e-01 2.856975428261375072e+01
2.200822959460506922e+02 6.372529261297573688e-01 2.867361444849236563e+01
2.201882257189365077e+02 6.283776451437873556e-01 2.872585070924734651e+01
2.205130067436632828e+02 6.044260134873266077e-01 2.883497403302069628e+01
2.207375087202542545e+02 5.725525153088907304e-01 2.919317882334702574e+01
2.208625920471281177e+02 5.621502209131075123e-01 2.955997209518642066e+01
2.212019145802650826e+02 5.482598248197814161e-01 2.959410898379970689e+01
2.212352065731338655e+02 5.515308890783660045e-01 2.939155879389194581e+01
2.210331059607782436e+02 5.530346484768622339e-01 2.918718703976436046e+01
2.205409968219517793e+02 5.801178203240059394e-01 2.846657623440043494e+01
2.203900162778079164e+02 5.783660181381288234e-01 2.846000310053484128e+01
2.203078288504767102e+02 5.789396170839470335e-01 2.806636694829858314e+01
2.204028602433919843e+02 5.771180528641191021e-01 2.809506239826369978e+01
2.204603674133788047e+02 5.808154406635144262e-01 2.834877916440586176e+01
2.206408417952096670e+02 5.663591969614758526e-01 2.887385473994264018e+01
2.205996976978528892e+02 5.632896674676381998e-01 2.863802805984032318e+01
2.208287187039764490e+02 5.881792109138826996e-01 2.882617626540578115e+01
2.207759320982869440e+02 5.819703898922564678e-01 2.907339741105340636e+01
2.208436865359274464e+02 5.661654135338345384e-01 2.872923029222540947e+01
2.208709557398651384e+02 5.354081078986124842e-01 2.915834431439423469e+01
2.210128982249437968e+02 5.236648321835516429e-01 2.944022943957832794e+01
2.209700178280753562e+02 5.447794744593442706e-01 2.916174715138361506e+01
2.207266568483063338e+02 4.905976280908456721e-01 2.940287574606619714e+01
2.208239516316564561e+02 5.140996821951786533e-01 2.953541585923571944e+01
2.208605689481435661e+02 5.382916053019145552e-01 2.955385629021006011e+01
2.208553522982714412e+02 5.918223393535384513e-01 2.930424773273389505e+01
2.209538020308503121e+02 6.003023021471203258e-01 2.919770560421672911e+01
2.210830323230757415e+02 6.115339896132082620e-01 2.938253623750096821e+01
2.212800868149755900e+02 6.057437407952871444e-01 2.947463762499031148e+01
2.211665064723664784e+02 5.731881249515541343e-01 2.967213394310518737e+01
2.207829780637160013e+02 6.200527090923184659e-01 2.885771645608867431e+01
2.205530113944655568e+02 6.061080536392527973e-01 2.848274552360282286e+01
2.204419579877528861e+02 6.092240911557244010e-01 2.852967211844043049e+01
2.206631966514223677e+02 5.935663902023099459e-01 2.874435315091853482e+01
2.206885047670723168e+02 5.818773738469885659e-01 2.887665297263777830e+01
2.205791256491744718e+02 5.886132857917990568e-01 2.875446864584140627e+01
2.207021936284008916e+02 5.892643981086737037e-01 2.890697620339508589e+01
2.207366483218355029e+02 5.893496628168358731e-01 2.886986280133323035e+01
2.206499418649717086e+02 5.773815983257112316e-01 2.895114332222308207e+01
2.204990388341988989e+02 5.923881869622510399e-01 2.844153166421207501e+01
2.205120610805363981e+02 5.888690799162855649e-01 2.885615068599333455e+01
2.206093636152236286e+02 5.985039919386093699e-01 2.853573366405705158e+01
2.207430509262847806e+02 6.003100534842260583e-01 2.888937291682815456e+01
2.208800093016045309e+02 5.744360902255638557e-01 2.896185567010309114e+01
2.208801100689869088e+02 5.893031547942020332e-01 2.862929230292225569e+01
2.208253623750096892e+02 5.747538950468955576e-01 2.905552282768777772e+01
2.210309743430741776e+02 5.509417874583365515e-01 2.923599720951864356e+01
2.212046430509262791e+02 5.636152236260755233e-01 2.912537787768389919e+01
2.211688163708239756e+02 5.482520734826757947e-01 2.947132005270909261e+01
2.211364235330594568e+02 5.589721726997907147e-01 2.928917138206340454e+01
2.212619951941709928e+02 5.449810092240912063e-01 2.956515773971009864e+01
2.214189675218975140e+02 5.717386249127974773e-01 2.967831951011549663e+01
2.216223238508642623e+02 5.674908921789008076e-01 2.998148205565459889e+01
2.216825827455236038e+02 5.779241919231067337e-01 2.989566700255794274e+01
2.214873343151693632e+02 5.775366250678242164e-01 2.911931633206728165e+01
2.211636617316487161e+02 5.595380203085031923e-01 2.870211611502984184e+01
2.208855515076350571e+02 5.683822959460507196e-01 2.836850631733974026e+01
2.207369041159600158e+02 5.861328579179908571e-01 2.848188512518409254e+01
2.207863498953569490e+02 5.483295868537322315e-01 2.862753274939927195e+01
2.208587473839237134e+02 5.524688008681497564e-01 2.904596542903651013e+01
2.208178435780172038e+02 5.619796914967831736e-01 2.858803193550887656e+01
2.208595767769940323e+02 5.711960313154018642e-01 2.861332454848461282e+01
2.208767769940314736e+02 5.757460661964188819e-01 2.874915122858693195e+01
2.208664212076583340e+02 5.593752422292845861e-01 2.859914735291837928e+01
2.209018215642198300e+02 5.814432989690722087e-01 2.854293465622819781e+01
2.209019610882877203e+02 5.419889931013099904e-01 2.892151771180528641e+01
2.208449189985272483e+02 5.744128362142469912e-01 2.870345709634911913e+01
2.209576234400434203e+02 5.746298736532051699e-01 2.902753274939927053e+01
2.211789318657468471e+02 5.934113634601968501e-01 2.889872878071467355e+01
2.212083016820401440e+02 5.599100844895744666e-01 2.936594837609487740e+01
2.211444384156266949e+02 5.768545074025269725e-01 2.900772808309433515e+01
2.213071544841485263e+02 5.918998527245949992e-01 2.868487714130687394e+01
2.213517401751802254e+02 5.348190062785830312e-01 2.952750949538795311e+01
2.213928300131772744e+02 5.386016587861406357e-01 2.919395395705759100e+01
2.213341136346019766e+02 5.653592744748469068e-01 2.939565925122083456e+01
2.214198821796759944e+02 5.242849391520036928e-01 2.936748314084179512e+01
2.216104798077668363e+02 5.418339663591970057e-01 2.919937214169444317e+01
2.215688008681497649e+02 5.594760096116579984e-01 2.950081389039609192e+01
2.213395008138903961e+02 5.691419269824045113e-01 2.957556003410588374e+01
2.212108518719479093e+02 5.622664909696922786e-01 2.939915510425548462e+01
2.209377645143787277e+02 5.701728548174560540e-01 2.857674598868304727e+01
2.206111309200837240e+02 5.727618014107433986e-01 2.830779784512828456e+01
2.201095884039996804e+02 4.780404619796915222e-01 2.791269669017905741e+01
2.202279900782885136e+02 5.055267033563289880e-01 2.835877838927214967e+01
2.202438105573211260e+02 5.448569878304007075e-01 2.836933571041004498e+01
2.203152933881094384e+02 5.854042322300596624e-01 2.833992713743120717e+01
2.201551275094954008e+02 5.714440741027827508e-01 2.875973180373614468e+01
2.202990078288504776e+02 5.973257886985504639e-01 2.859039609332609899e+01
2.203025501899077483e+02 5.863033873343151958e-01 2.876295635997209388e+01
2.203372684288039807e+02 5.567707929617858875e-01 2.874160917758313261e+01
2.202752577319587601e+02 6.001317727307960981e-01 2.833485001162700456e+01
2.200617781567320321e+02 5.911634756995581830e-01 2.822873420665064614e+01
2.201546779319432687e+02 5.699403147042865214e-01 2.846349120223238671e+01
2.203122548639640286e+02 5.708937291682815163e-01 2.861679714750794545e+01
2.202638477637392498e+02 5.761568870630183747e-01 2.849588403999689845e+01
2.202897139756607885e+02 5.898069917060693168e-01 2.871916905666227393e+01
2.203329664367103362e+02 5.799550422447872222e-01 2.908012557166111023e+01
2.205350592977288500e+02 5.840322455623595532e-01 2.914257034338423225e+01
2.205903883419889837e+02 5.741492907526548617e-01 2.908437330439500812e+01
2.207075885590264193e+02 5.613595845283311236e-01 2.876200294550810099e+01
2.207078676071622283e+02 5.608945043019920584e-01 2.915274784900395488e+01
2.206450430199209336e+02 5.601426246027439992e-01 2.937219595380203074e+01
2.207170141849468905e+02 5.739787613363305230e-01 2.932590496860708384e+01
2.207208588481512948e+02 5.666227424230679821e-01 2.951198356716533766e+01
2.208139601581272871e+02 5.883419889931013058e-01 2.922019223316021908e+01
2.207042787380823086e+02 5.802185877063793518e-01 2.914388807069219567e+01
2.202286644446166974e+02 5.855360049608557826e-01 2.822505232152546384e+01
2.199405162390512487e+02 5.913805131385163616e-01 2.799796139834121433e+01
2.198677311836291892e+02 5.794201999844973416e-01 2.840934811254941650e+01
2.197880551895201791e+02 5.537865281761104042e-01 2.858338888458258964e+01
2.198207658321060478e+02 5.545229052011472204e-01 2.890897604836834489e+01
2.198849779086892511e+02 5.578094721339430517e-01 2.852685838307107957e+01
2.200293543136191090e+02 5.702658708627238449e-01 2.867009534144639815e+01
2.200406170064336209e+02 5.825517401751801883e-01 2.921535539880629528e+01
2.200301294473296707e+02 5.890861173552437435e-01 2.842201379738004974e+01
2.199877141306875501e+02 5.920781334780249594e-01 2.868241996744438538e+01
2.200818076118130477e+02 6.004030695294938491e-01 2.881736299511665678e+01
2.200217657545926784e+02 5.689403922176575756e-01 2.884796527400976629e+01
2.198959925587163866e+02 6.078676071622355348e-01 2.906919618634214331e+01
2.200571893651654989e+02 6.111154174095031477e-01 2.898773738469886041e+01
2.201933803581117672e+02 5.932563367180838654e-01 2.926379350437950677e+01
2.202587008759010985e+02 5.770637935043795297e-01 2.948312533912099909e+01
2.202612355631346475e+02 5.703743895822028787e-01 2.952923804356251480e+01
2.202939462057204878e+02 5.753507480040307431e-01 2.949111696767692337e+01
2.204341446399504036e+02 5.706844430664289591e-01 2.938880706921943897e+01
2.204989380668165211e+02 5.672428493915200320e-01 2.944284164018293026e+01
2.203927059917835720e+02 5.515928997752111984e-01 2.969527943570265904e+01
2.205182311448724874e+02 5.597783117587783464e-01 3.019100844895744373e+01
2.204428726455313665e+02 5.659251220835593843e-01 2.998255949151228705e+01
2.204447174637624869e+02 5.723742345554607702e-01 3.032333927602511281e+01
2.204436787845903325e+02 5.622354856212696816e-01 2.981771955662351914e+01
2.200787458336563134e+02 5.950313929152778458e-01 2.893977986202619945e+01
2.196763351678164611e+02 6.050228664444616822e-01 2.897867607162235615e+01
2.195604139214014481e+02 5.828850476707232442e-01 2.912024649251996067e+01
2.195417254476397204e+02 5.792031625455390520e-01 2.877145957677699428e+01
2.196104798077668363e+02 6.057514921323928769e-01 2.890019378342764256e+01
2.196427098674521403e+02 5.842802883497403288e-01 2.884746143709789834e+01
2.195081854119835612e+02 6.011859545771646163e-01 2.923402061855670198e+01
2.196708472211456353e+02 5.767614913572591817e-01 2.938369118672970970e+01
2.197637314936826556e+02 5.677389349662816942e-01 2.917286256879311779e+01
2.196775831330904509e+02 5.771180528641191021e-01 2.921042554840710181e+01
2.196733354003565637e+02 5.658863653980311659e-01 2.953975660801488345e+01
2.198027052166498834e+02 4.951244089605457144e-01 2.878061390589876822e+01
2.198350980544143738e+02 5.041934733741570973e-01 2.925699558173785064e+01
2.198928765211998950e+02 5.569258197038988722e-01 2.914576389427176295e+01
2.199297806371599222e+02 5.888923339276025404e-01 2.938427253701263453e+01
2.200424385706534451e+02 6.194946128207116098e-01 2.960394543058677641e+01
2.199940779784512870e+02 6.519649639562824506e-01 2.946180916208045986e+01
2.200313619099294726e+02 6.498333462522285497e-01 2.973301294473296608e+01
2.202470351135570752e+02 6.038524145415083977e-01 2.979639562824587173e+01
2.200426246027439845e+02 6.114952329276800436e-01 2.965150763506704834e+01
2.202074025269359083e+02 5.704984109758933775e-01 2.967998604759321069e+01
2.204163165646073992e+02 5.956980079063638467e-01 2.994413611347957627e+01
2.202989613208278570e+02 5.986280133322998687e-01 2.986662274242306836e+01
2.204007751337105674e+02 5.946903340826292794e-01 3.008471436322765769e+01
2.202659948841175037e+02 6.177350592977288724e-01 2.931854894969382386e+01
2.198247267653670178e+02 6.101309975970854449e-01 2.889665917370746584e+01
2.196067824199674305e+02 5.941787458336562633e-01 2.878164483373381799e+01
2.195110068986900274e+02 5.887063018370668477e-01 2.881846368498565880e+01
2.195532051778931759e+02 6.202852492054879985e-01 2.840688318734981621e+01
2.195276722734671750e+02 6.045500348810169955e-01 2.866542903650879737e+01
2.195821486706456938e+02 6.023409038059065468e-01 2.867324238431129402e+01
2.196374622122316111e+02 6.092705991783582409e-01 2.880422447872258118e+01
2.196480350360437228e+02 6.051158824897294730e-01 2.827840477482365600e+01
2.197175025191845634e+02 5.657623440043407781e-01 2.835041469653515378e+01
2.197290287574606680e+02 5.599023331524688452e-01 2.843290442601348644e+01
2.197404852337028274e+02 5.587318812495155607e-01 2.856790171304550086e+01
2.198119835671653277e+02 5.770327881559569327e-01 2.833612898224943777e+01
2.197980311603751602e+02 5.556856057669947724e-01 2.863771800635609566e+01
2.198584528331137165e+02 5.628245872412991346e-01 2.895625145337570672e+01
2.198502131617703981e+02 5.805518952019222967e-01 2.903642353305945178e+01
2.198707309510890582e+02 5.874195798775289079e-01 2.882649407022711330e+01
2.198098054414386411e+02 5.764979458956670522e-01 2.869381443298969003e+01
2.198118130377490047e+02 5.891946360747228884e-01 2.892867219595380135e+01
2.198501201457251284e+02 5.892178900860398638e-01 2.898459034183396810e+01
2.198186962250988188e+02 5.980234090380590617e-01 2.921761878924114342e+01
2.198732888923339317e+02 5.978373769475234800e-01 2.944485698783040206e+01
2.199778001705294059e+02 5.816293310596077903e-01 2.929395395705759242e+01
2.197077900937911750e+02 5.809782187427331435e-01 2.846869234943027749e+01
2.192556390977443641e+02 5.782730020928610326e-01 2.849858150530966583e+01
2.188377102550190045e+02 6.288427253701263098e-01 2.761642508332687385e+01
2.186709324858537968e+02 6.200372064181071119e-01 2.765902643205953026e+01
2.186079993798930445e+02 6.188512518409425844e-01 2.755052321525463199e+01
2.185313774126036606e+02 6.216727385473994616e-01 2.737165336020463613e+01
2.186030617781567287e+02 5.814277962948608547e-01 2.805278660568948013e+01
2.186117897837376916e+02 6.125804201224711587e-01 2.801233237733509185e+01
2.186916208045887799e+02 6.009379117897837297e-01 2.820167428881482152e+01
2.187067281606076961e+02 6.054104332997441995e-01 2.831079761258817129e+01
2.187389582202930001e+02 5.936439035733663827e-01 2.830368188512518302e+01
2.188220680567397949e+02 5.873110611580497631e-01 2.811580497635842235e+01
2.187618324160917780e+02 5.988528021083636688e-01 2.820768932640880422e+01
2.189129679869777476e+02 5.945120533291993192e-01 2.846707231997519472e+01
2.190525153088907757e+02 5.851019300829393144e-01 2.854803503604371784e+01
2.192362762576544526e+02 5.875513526083249172e-01 2.862981164250833288e+01
2.194803271064258468e+02 5.760561196806449624e-01 2.859238043562514520e+01
2.194460351910704503e+02 5.523757848228819656e-01 2.895221300674366205e+01
2.195347027362219876e+02 5.754437640492985340e-01 2.872459499263623073e+01
2.195885977831175921e+02 5.711340206185566704e-01 2.887786218122626281e+01
2.196801798310208369e+02 5.773971009999224746e-01 2.915156964576389598e+01
2.196413146267731236e+02 5.723432292070381733e-01 2.905166266180916068e+01
2.194971940159677501e+02 6.043097434307418414e-01 2.821274319820168941e+01
2.193811022401364141e+02 6.017983102085109337e-01 2.822055654600418606e+01
2.190286954499651131e+02 4.969382218432679688e-01 2.829709324858538011e+01
2.191269669017905528e+02 5.227501744050848664e-01 2.832069607007208845e+01
2.191576699480660295e+02 5.878614060925509976e-01 2.834375629796139862e+01
2.188748081544066224e+02 6.156421982792031899e-01 2.837850554220603172e+01
2.188086814975583252e+02 6.443221455701108047e-01 2.801726997907138994e+01
2.188051081311526218e+02 6.135958452833113475e-01 2.809269048910937272e+01
2.186215564684908088e+02 6.537710255018990280e-01 2.796335167816448219e+01
2.185979924036896307e+02 6.138051313851639046e-01 2.818783815208123400e+01
2.187882722269591511e+02 6.168746608790016683e-01 2.769886055344547060e+01
2.188208123401286684e+02 5.987287807146732810e-01 2.780505387179288590e+01
2.186778079218665312e+02 5.747383923726843147e-01 2.804606619641888088e+01
2.187707154484148475e+02 5.624137663746996418e-01 2.814683357879234293e+01
2.189187737384698949e+02 5.861638632664134541e-01 2.813951631656460606e+01
2.190666692504456989e+02 5.763739245019765534e-01 2.805825904968607176e+01
2.189099139601581214e+02 5.754592667235097769e-01 2.797722657158359993e+01
2.187695837531974234e+02 5.886210371289047893e-01 2.771320827842802714e+01
2.187201302224633821e+02 5.866366948298581407e-01 2.744834508952794394e+01
2.188570963491202122e+02 5.811642508332687251e-01 2.738660568948143492e+01
2.188434152391287455e+02 5.795132160297651325e-01 2.768552050228664285e+01
2.186462987365320600e+02 5.957755212774203946e-01 2.717580032555615688e+01
2.183496938221843209e+02 6.039144252383535916e-01 2.716395628245872373e+01
2.182012944732966560e+02 5.928687698628013480e-01 2.670440275947601094e+01
2.180656150685993282e+02 5.668165258507092963e-01 2.688293155569335724e+01
2.179569645763894243e+02 5.726145260057360353e-01 2.707904038446632100e+01
2.179841640182931428e+02 5.809084567087822171e-01 2.735781722347104861e+01
2.181990388341988876e+02 5.861328579179908571e-01 2.698720254243857042e+01
2.185352375784822812e+02 5.600186032090536115e-01 2.758621812262615336e+01
2.189239671343306668e+02 5.393535384853886949e-01 2.749472909076815696e+01
2.190851639407797791e+02 5.284086504922098637e-01 2.786226649096969155e+01
2.191069296953724574e+02 5.395860785985582275e-01 2.821117742810634965e+01
2.190261065033718353e+02 5.836291760328656819e-01 2.777333540035656156e+01
2.189618789241144157e+02 5.650569723277265588e-01 2.785232927680024773e+01
2.190638942717618818e+02 5.600186032090536115e-01 2.780548019533369342e+01
2.190751259592279609e+02 5.712502906751414367e-01 2.806356096426633684e+01
2.191577707154484074e+02 5.717308735756918558e-01 2.803938454383381185e+01
2.193273699713200529e+02 5.714828307883109693e-01 2.823936904115959834e+01
2.192774513603596631e+02 5.514146190217812382e-01 2.828192388186962347e+01
2.192709944965506565e+02 5.865126734361677530e-01 2.804608945043019830e+01
2.193291295248430401e+02 6.069684520579800013e-01 2.804849236493295095e+01
2.194479187659871400e+02 5.756220448027284942e-01 2.806978528796217276e+01
2.192222695915045279e+02 5.938376870010076969e-01 2.788555925897217236e+01
2.189796139834121504e+02 5.802185877063793518e-01 2.753203627625765293e+01
2.187495310441051117e+02 5.935276335167816164e-01 2.706132082784280257e+01
2.184693667157584684e+02 5.622354856212696816e-01 2.684785675529028737e+01
2.183484458569103310e+02 5.689326408805518431e-01 2.686466940547244420e+01
2.183043795054646807e+02 5.649251995969304385e-01 2.688728780714673405e+01
2.183423223005968623e+02 5.660258894659329076e-01 2.734931400666614820e+01
2.182979536470041069e+02 5.684055499573676951e-01 2.737290907681575192e+01
2.183837919541120982e+02 5.631191380513138611e-01 2.723973335400356532e+01
2.183180141074335268e+02 5.662119215564684893e-01 2.692250213161770489e+01
2.181862181226261441e+02 5.789396170839470335e-01 2.675596465390279732e+01
2.182228354391132541e+02 5.746143709789939269e-01 2.717869157429656468e+01
2.184047593209828619e+02 5.881947135880939426e-01 2.690379815518176798e+01
2.185414386481668032e+02 5.964808929540346139e-01 2.707345942175025044e+01
2.187444926749864464e+02 5.426091000697620403e-01 2.724721339431051703e+01
2.185517091698318097e+02 5.642043252461049763e-01 2.731975815828230481e+01
2.185867064568638227e+02 5.574374079528718884e-01 2.713856290210061317e+01
2.185840554995736795e+02 5.756530501511510911e-01 2.724327571506084666e+01
2.187364855437562881e+02 5.617781567320362379e-01 2.741789783737694819e+01
2.185610727850554156e+02 5.695449965118982716e-01 2.714915122858693053e+01
2.178490427098674616e+02 5.032245562359507485e-01 2.612617626540578186e+01
2.176152236260755046e+02 5.014417487016510355e-01 2.608205565460041697e+01
2.175446632044027524e+02 5.504069451980466710e-01 2.622632354081078887e+01
2.176337803271064217e+02 6.038136578559801793e-01 2.612319200062010793e+01
2.175855515076350741e+02 5.939152003720641337e-01 2.621926982404464823e+01
2.175545926672350845e+02 6.124874040772033679e-01 2.602503681885125175e+01
2.176167428881481953e+02 6.440430974343074322e-01 2.625894891868847481e+01
2.174907991628555806e+02 6.050228664444616822e-01 2.679449655065498703e+01
2.175452678086969911e+02 5.937756763041625030e-01 2.686645221300674535e+01
2.174532206805673979e+02 5.907216494845360932e-01 2.675611968064491109e+01
2.178103557863731510e+02 5.765909619409348430e-01 2.685149988372994301e+01
2.177739400046507967e+02 5.761956437485465932e-01 2.704349275249980522e+01
2.177543136190992925e+02 5.836834353926052543e-01 2.696163088132702867e+01
2.177423145492597598e+02 5.647701728548174538e-01 2.723398186187117176e+01
2.177717851329354346e+02 5.725215099604681335e-01 2.672813735369351207e+01
2.177896054569413309e+02 5.619874428338887951e-01 2.685468568328036554e+01
2.177050771258041948e+02 5.720099217114952284e-01 2.670622432369583876e+01
2.176888845825905037e+02 5.721261917680799947e-01 2.666474691884350179e+01
2.175963258662119131e+02 5.589334160142624963e-01 2.625996434384931533e+01
2.175990000775133808e+02 5.674443841562669677e-01 2.631761103790404022e+01
2.176927059917835834e+02 5.698240446477017551e-01 2.681260367413378631e+01
2.174950313929152799e+02 5.756763041624680666e-01 2.654859313231532525e+01
2.173072087435082551e+02 5.907526548329586902e-01 2.604336097976900888e+01
2.171594450042632332e+02 5.862723819858925989e-01 2.580427098674521247e+01
2.171303077280830962e+02 5.765522052554065136e-01 2.612858693124563914e+01
2.168859700798387848e+02 6.188745058522595599e-01 2.575480195333695121e+01
2.169241221610727735e+02 5.843500503836911442e-01 2.627977676149135888e+01
2.168753740020153487e+02 5.926982404464770093e-01 2.594858538097821921e+01
2.167027362219982933e+02 5.869855049996124396e-01 2.572464925199597019e+01
2.165686148360592256e+02 5.949383768700100550e-01 2.545666227424230854e+01
2.165420665064723664e+02 5.813657855980156608e-01 2.570610030230214704e+01
2.165136888613285748e+02 5.497170761956436946e-01 2.598497790868924895e+01
2.165901092938532031e+02 5.508410200759631392e-01 2.577542051003798207e+01
2.165761956437485480e+02 5.540345709634911797e-01 2.619700798387721719e+01
2.165925432137043742e+02 5.726532826912642538e-01 2.620641810712347919e+01
2.166400434074877808e+02 5.646384001240214445e-01 2.624224478722579690e+01
2.166981551817688683e+02 5.879776761491357639e-01 2.676181691341756519e+01
2.168697930392992816e+02 6.175877838927215091e-01 2.618042787380823100e+01
2.171257654445391836e+02 5.829005503449344872e-01 2.663076505697232932e+01
2.171242229284551684e+02 5.648476862258740017e-01 2.682330827067669077e+01
2.170906131307650639e+02 5.842105263157895134e-01 2.663196651422370209e+01
2.169793969459731784e+02 6.000232540113169533e-01 2.628616386326641319e+01
2.169058832648631778e+02 5.897759863576467199e-01 2.646413456321215563e+01
2.169660956514998702e+02 5.953491977366095478e-01 2.678141229362065090e+01
2.169373924501976489e+02 5.762499031082861656e-01 2.644478722579644980e+01
2.168499806216572381e+02 5.966901790558871710e-01 2.622223083481900474e+01
2.167125881714595721e+02 6.053251685915820302e-01 2.628338888458258893e+01
2.165703511355708883e+02 5.971707619564374792e-01 2.622395938299356644e+01
2.164155104255484048e+02 6.008526470816215603e-01 2.636506472366483322e+01
2.163121851019300834e+02 5.987752887373072319e-01 2.617838927214944533e+01
2.160904503526858491e+02 5.757305635222075280e-01 2.594407410278272863e+01
2.159928687698628096e+02 5.989070614681032412e-01 2.549244244632199141e+01
2.160070692194403534e+02 5.738392372684287812e-01 2.571592124641500732e+01
