2.164459432440098396e+02 4.235472726342758842e-01 7.281572437587475299e+00
2.164490935130032767e+02 4.210154328306852656e-01 7.470874542571642074e+00
2.164469173862299556e+02 4.133920143587168083e-01 7.597951278939463648e+00
2.164048142155016592e+02 3.296274080377195048e-01 7.618601234068473893e+00
2.161938043159847780e+02 2.952406526520382490e-01 7.689947270774338151e+00
2.159745676807975485e+02 2.997835497835497631e-01 7.343862904013279902e+00
2.155720400258531413e+02 3.474665327511728963e-01 7.128703019143405761e+00
2.153390398538089130e+02 3.628145037919474070e-01 7.120393748750354135e+00
2.152439261418853391e+02 3.846966674571400402e-01 7.175512993987751997e+00
2.151718117185356789e+02 3.980056821087970542e-01 7.135835879122667258e+00
2.151342363329474097e+02 4.040900023714201761e-01 6.998087751847150706e+00
2.151644765903627388e+02 4.163097911755269664e-01 7.027065576743342312e+00
2.151854531969999300e+02 4.256466769893192947e-01 7.010929457223764594e+00
2.152404492213836988e+02 4.429638567662197990e-01 7.032195516620865838e+00
2.152694630825672846e+02 4.518311083832028952e-01 7.053568522419220166e+00
2.152858770302379412e+02 4.523391037891574817e-01 6.953393455810211954e+00
2.153081869795081502e+02 4.541978787413803453e-01 6.850111131260432806e+00
2.152938456995921968e+02 4.537421940751693583e-01 6.755933200347808310e+00
2.152531525939152175e+02 4.558694974914094256e-01 6.809601694402982908e+00
2.152380068910681246e+02 4.528017632206676191e-01 6.731051887603982209e+00
2.152134440926062950e+02 4.541106941751409942e-01 6.779525343972175655e+00
2.152020973119254563e+02 4.512545277851400249e-01 6.713835841923919467e+00
2.151238590446431544e+02 4.464221778937138563e-01 6.650472424102928493e+00
2.150871252807343126e+02 4.358461087784396004e-01 6.628694881917223114e+00
2.150811200078117338e+02 4.336827690748206177e-01 6.645218100910904369e+00
2.150851839710593651e+02 4.422442934795244307e-01 6.521839152612514567e+00
2.150557888227061198e+02 4.384232845564746683e-01 6.537859026043773447e+00
2.149711477208792019e+02 4.059441274801102728e-01 6.414571912155156319e+00
2.149684903353002312e+02 4.220546728602582731e-01 6.400747927332245624e+00
2.149534364668628825e+02 4.223348259331073384e-01 6.449415514667931504e+00
2.149039272578477835e+02 4.227393623204578899e-01 6.351867609654934910e+00
2.148586784679695540e+02 4.205004626594315287e-01 6.435496208052598810e+00
2.148551248250496428e+02 4.285260925969840984e-01 6.389062870534406358e+00
2.148484836860239682e+02 4.299861434662723414e-01 6.401309395938826974e+00
2.148440895838855056e+02 4.284795941616564852e-01 6.465938733661611870e+00
2.149098081474558342e+02 4.321192591869283395e-01 6.435463659147869997e+00
2.149078226642673428e+02 4.460641399416909736e-01 6.402668312711277565e+00
2.149119714871594624e+02 4.420559748164474279e-01 6.407217022147205121e+00
2.148706692519796775e+02 4.396229441879280775e-01 6.393136133469108806e+00
2.148643036161833209e+02 4.241052538582076870e-01 6.392702535559678267e+00
2.148790831438521991e+02 4.216722232296883366e-01 6.407046140397375744e+00
2.148591178781834117e+02 4.343767582220858237e-01 6.364766275614825553e+00
2.148601815298915199e+02 4.367981642417732568e-01 6.306704841882070589e+00
2.148515618824426667e+02 4.515439805450546795e-01 6.271940286709352108e+00
2.148624669279878674e+02 4.509534504163935087e-01 6.280867986292260952e+00
2.148891674920138826e+02 4.560880401374493576e-01 6.340155816256783261e+00
2.149509557753381728e+02 4.653272792370536926e-01 6.274121063326218994e+00
2.150000127870697213e+02 4.671116566927522862e-01 6.340574302174731613e+00
2.150209789315589433e+02 4.620444897029215015e-01 6.284714569354741265e+00
2.150080732908337495e+02 4.581142094568517731e-01 6.199414352207048395e+00
2.150080907277470033e+02 4.678707436494761729e-01 6.240443409079284187e+00
2.149821678500518374e+02 4.585268830703846943e-01 6.266608078638153501e+00
2.149709733517467214e+02 4.661119403332077971e-01 6.257586219723706655e+00
2.149540944197227645e+02 4.540246720697848626e-01 6.264365691594477425e+00
2.149336688195442093e+02 4.663886060234073150e-01 6.204358298343260358e+00
2.149329585559445945e+02 4.747687865303332755e-01 6.068371299305778344e+00
2.149591325251905403e+02 4.733308224178256474e-01 6.206420503950042189e+00
2.150053659194367981e+02 4.711779448621553623e-01 6.223882991337341686e+00
2.150157083339145743e+02 4.880127033725314978e-01 6.213068617741012822e+00
2.150306959420815360e+02 4.795964865782266218e-01 6.245545449895611334e+00
2.148753911680871909e+02 3.571393697602075479e-01 5.650314329422815085e+00
2.148311781308559034e+02 3.716085203732894526e-01 5.717501081088621540e+00
2.148205985743579731e+02 3.970699010978280818e-01 5.809563333193837664e+00
2.148345736790957119e+02 4.326644533411450610e-01 5.847301463305759839e+00
2.148242254523135273e+02 4.507290954659375903e-01 5.843550202035701524e+00
2.148224712988407816e+02 4.307126815182669155e-01 5.884922184868479178e+00
2.148091378725106040e+02 4.233903404150450300e-01 5.987629091281078786e+00
2.148027582871836501e+02 4.295362711044773407e-01 5.933589772204165058e+00
2.148401000181343932e+02 4.337211302839659721e-01 5.897633694626176037e+00
2.148243823845327540e+02 4.358251844825421495e-01 5.928455182483109098e+00
2.147822850261088661e+02 4.301116892416569915e-01 6.008756817833080355e+00
2.147549881196497665e+02 4.342791115078977748e-01 5.969235472726342806e+00
2.147468625180762558e+02 4.328469596998060775e-01 5.814364296641418406e+00
2.147248548086356834e+02 4.427232273633991966e-01 5.767589195623567200e+00
2.147109947875254079e+02 4.437752544626873408e-01 5.802676914921812923e+00
2.147031958374600720e+02 4.519008560361943982e-01 5.899470382821617953e+00
2.146821483207090182e+02 4.568017911197287950e-01 5.864788362371606389e+00
2.146686289006374864e+02 4.614365226610124826e-01 5.920552773399174740e+00
2.146601010875984059e+02 4.613911866865679778e-01 5.927571712211884503e+00
2.146997665778546605e+02 4.627954394334630739e-01 5.849629872454792157e+00
2.146905122267635591e+02 4.488610208266491930e-01 5.877511496738134333e+00
2.146805011136375185e+02 4.444727309926020942e-01 5.935255578649778485e+00
2.146976474116646045e+02 4.396543306317742261e-01 5.874704153705227583e+00
2.147016811509292609e+02 4.415933153849372905e-01 5.895955101110847529e+00
2.147073539600392564e+02 4.443006867818897754e-01 5.934961476046330731e+00
2.147258277883949233e+02 4.407947047581848854e-01 5.927899526180944179e+00
2.147593868716317616e+02 4.565262878904124966e-01 5.898190513389224066e+00
2.147679414212711606e+02 4.549627780025202184e-01 5.850037896224791645e+00
2.147582976457842108e+02 4.479508139551103829e-01 5.861528822055137589e+00
2.147401818553805697e+02 4.508418541716071037e-01 5.848712690817953863e+00
2.147281457353959979e+02 4.363936278544227054e-01 5.903936557534838592e+00
2.146895404094652235e+02 4.395834205178995591e-01 5.870783173146223888e+00
2.146833061317486795e+02 4.569563984171932658e-01 5.785200478003915237e+00
2.146566764778365268e+02 4.472045140681016329e-01 5.767547347031772631e+00
2.146482893225642954e+02 4.467209303406940446e-01 5.758216273522395845e+00
2.146502817805180996e+02 4.381163948833121657e-01 5.763672864908095939e+00
2.146427211349338222e+02 4.438415147330292410e-01 5.723578426585945067e+00
2.146449170235421491e+02 4.442100148330008769e-01 5.699352741780239207e+00
2.146524125713169724e+02 4.474532806971045495e-01 5.648541576575948575e+00
2.146757071249552382e+02 4.783503285114455994e-01 5.563890012601076407e+00
2.147223241312929929e+02 4.696155974351463036e-01 5.590528966200287719e+00
2.147770434899865677e+02 4.632185751949446928e-01 5.591215980582253664e+00
2.148078242917125920e+02 4.573516351174782835e-01 5.653627342939910427e+00
2.148502343521140574e+02 4.601217794021231211e-01 5.686307605749066241e+00
2.148779102208210645e+02 4.891647021077740742e-01 5.544846578412636617e+00
2.149108287881112744e+02 4.781736344572005137e-01 5.570933363092332335e+00
2.149416235393678960e+02 4.795255764643519547e-01 5.620129870129869865e+00
2.149923858812150854e+02 4.752453954924416579e-01 5.527859537526562228e+00
2.150337950627961447e+02 4.744153984218431042e-01 5.450505902976364503e+00
2.150404443390479798e+02 4.688390735651745134e-01 5.503433909448946615e+00
2.150277804901865011e+02 4.646019036459423379e-01 5.462482737455884418e+00
2.150176566183548061e+02 4.581816321880768927e-01 5.504799800986696745e+00
2.150199059801637702e+02 4.515358433188723097e-01 5.479994048200278023e+00
2.149922568480570533e+02 4.513021886813508576e-01 5.443585773338726952e+00
2.149422814922277780e+02 4.386185779848508215e-01 5.442394250933456412e+00
2.149249666373726484e+02 4.235077489642473658e-01 5.449248120300751452e+00
2.148520105923435608e+02 4.246981089086352412e-01 5.437534001980833587e+00
2.147654979284947103e+02 4.224603717084919885e-01 5.442928982939724492e+00
2.146979112902850773e+02 4.188672051185477474e-01 5.275518341307814829e+00
2.146610415184528904e+02 4.126340898628761411e-01 5.307348845211358856e+00
2.144959081376911740e+02 3.515514202947070954e-01 5.072546858798201441e+00
2.145721330227237900e+02 3.526383212204909356e-01 5.068945554982074775e+00
2.146184512766145360e+02 3.726291610287313927e-01 5.261302607167269052e+00
2.146079240308563669e+02 3.997505358944671294e-01 5.198142620000837155e+00
2.145899058871669070e+02 4.044201412622465130e-01 5.263260191294563128e+00
2.145868544273485270e+02 4.205620730862406620e-01 5.219041341758849484e+00
2.145706764592371485e+02 4.185161419318240150e-01 5.235069352416291011e+00
2.145613988589283849e+02 4.185161419318240150e-01 5.238925235165837080e+00
2.145587344985841298e+02 4.207027308531067766e-01 5.239142615350993459e+00
2.145557957974714043e+02 4.207352797578361447e-01 5.292397273331752139e+00
2.145470320048730457e+02 4.261604846996898677e-01 5.219705106923152371e+00
2.145753867507358450e+02 4.476985599434579188e-01 5.243664588186607745e+00
2.145569350091369358e+02 4.460071793584146072e-01 5.323979010606293194e+00
2.145420310981535579e+02 4.444332073225735757e-01 5.353082381277870283e+00
2.145300600759784402e+02 4.479566262595263693e-01 5.274424465616731617e+00
2.145134426976532325e+02 4.294862852865001246e-01 5.376522242526538875e+00
2.144929903608743587e+02 4.263069547709719687e-01 5.397059438949879606e+00
2.143836771892625848e+02 4.160865986859542121e-01 5.432571456470490112e+00
2.142726087017171892e+02 4.042794834953803984e-01 5.393118696555861291e+00
2.141987505870427526e+02 4.114111810137588976e-01 5.434351184082655273e+00
2.141472152087082179e+02 4.118819776714513492e-01 5.392932702814550616e+00
2.140919471684777875e+02 4.088514421489716777e-01 5.398400918809081794e+00
2.140562910058076511e+02 4.118540786102547480e-01 5.375310958286253715e+00
2.140544287434727835e+02 4.156971742900851252e-01 5.376797745755855118e+00
2.140601713002357371e+02 4.205841598430212769e-01 5.362801716722231937e+00
2.140624497235668002e+02 4.374526297190099444e-01 5.356525590413882654e+00
2.140631309256443444e+02 4.249247887808575430e-01 5.407141462189797743e+00
2.140534673883223888e+02 4.333549551057606641e-01 5.377731201845057818e+00
2.140007532746523111e+02 4.201447496291749739e-01 5.381713792830871590e+00
2.139481588944532007e+02 4.165969190136751821e-01 5.440428529579979688e+00
2.139633929443274099e+02 4.171130516458121384e-01 5.461859658422493879e+00
2.139573516351174760e+02 4.152473019282901245e-01 5.418266212841937879e+00
2.139440833065967240e+02 4.225556935009137094e-01 5.323290833763444141e+00
2.139073472177661301e+02 4.179662979340745266e-01 5.367044698945880654e+00
2.138774103626412852e+02 4.174304034669233388e-01 5.326828202230994513e+00
2.138970815257066533e+02 4.118924398194001024e-01 5.298800107876370014e+00
2.139063265771106899e+02 4.219826002855003866e-01 5.225542985478538682e+00
2.139162353936790169e+02 4.214804171839617863e-01 5.282121119124341568e+00
2.139705606781331824e+02 4.244098186096038061e-01 5.353406707864280634e+00
2.139728914122039782e+02 4.264510999204876862e-01 5.317085617568968914e+00
2.139857738037115098e+02 4.339698969129688888e-01 5.285134217733573614e+00
2.140365768316896151e+02 4.384581583829704199e-01 5.296549583606511291e+00
2.140332696304769229e+02 4.327830243512305608e-01 5.325443711319113760e+00
2.140573569824375397e+02 4.376607102171011787e-01 5.283045275526478513e+00
2.140682817898177746e+02 4.308603140504321805e-01 5.280148423005566194e+00
2.140869055756273838e+02 4.346603986775844919e-01 5.344787060415416846e+00
2.140915333324033725e+02 4.344871920059890091e-01 5.317691259689111050e+00
2.141175712937259732e+02 4.444111205657929609e-01 5.253612928424958639e+00
2.141173364766275711e+02 4.117366700610524677e-01 5.230593878016004616e+00
2.141541748620159069e+02 4.223917865163837049e-01 5.315057123327799893e+00
2.141646184105904922e+02 4.324807845216008251e-01 5.283950832554484833e+00
2.142000990416672437e+02 4.350242489340233609e-01 5.312908895615662708e+00
2.142093719921324748e+02 4.392823431491530428e-01 5.221598755701871042e+00
2.142134208433886329e+02 4.299001213609162098e-01 5.379452806413064003e+00
2.142145705172021053e+02 4.264534248422540696e-01 5.348717340661486297e+00
2.142483516304676243e+02 4.310579324005747170e-01 5.257422312739175929e+00
2.142557960299635909e+02 4.336885813792366040e-01 5.343588563244846767e+00
2.142720228214320457e+02 4.375514388940812127e-01 5.336059304104416867e+00
2.142869058081195703e+02 4.433044578049948892e-01 5.350066957746872021e+00
2.142666034287946104e+02 4.603066106825505210e-01 5.355418927653084360e+00
2.142431019571191371e+02 3.634201459120900424e-01 5.062591543794551008e+00
2.143145316910085967e+02 3.693196348942858198e-01 5.123800921598988367e+00
2.143521105639795223e+02 3.877957881717279953e-01 5.182409874407726491e+00
2.143677212511798871e+02 4.068613091169482332e-01 5.208120021761267537e+00
2.143677572874672705e+02 4.164446366379771503e-01 5.174028531439916812e+00
2.143627331315301205e+02 4.210096205262692792e-01 5.201013898382319312e+00
2.143573846490065478e+02 4.315066423014865538e-01 5.286589618759328424e+00
2.143830006370285730e+02 4.347336337132255424e-01 5.286519871106337476e+00
2.143671016595291690e+02 4.432649341349663707e-01 5.288758770767363337e+00
2.143369822980456831e+02 4.412120282152505735e-01 5.363809570307958907e+00
2.143016399998140002e+02 4.484588093610650250e-01 5.238261470001534192e+00
2.142571351849010171e+02 4.396903669191531971e-01 5.274741817437843316e+00
2.142200457079619298e+02 4.362657571572716719e-01 5.306068975778964969e+00
2.142181311348873010e+02 4.285133055272690172e-01 5.284940086766080292e+00
2.142220846643510583e+02 4.404889775459056023e-01 5.317156527682843858e+00
2.142157945885120967e+02 4.373817196051352774e-01 5.313924886427571437e+00
2.142445073723269218e+02 4.294548988426539204e-01 5.380376962815200947e+00
2.142554705409162921e+02 4.321669200831392277e-01 5.407668056969883175e+00
2.142466439754302314e+02 4.292421685010299193e-01 5.400987394274182840e+00
2.142440772618001290e+02 4.280111224257303615e-01 5.356168714922742602e+00
2.142576792165943687e+02 4.341186919060173732e-01 5.500094159331538890e+00
2.142761297957323734e+02 4.382535652675287330e-01 5.413173471712676488e+00
2.143026885395306351e+02 4.422454559404075947e-01 5.366400695616592387e+00
2.143162811946378099e+02 4.582246432407549586e-01 5.361967069808100561e+00
2.143619856691822179e+02 4.490656139420908244e-01 5.425874519322424483e+00
2.143442941770009327e+02 4.350300612384393473e-01 5.493663425725724636e+00
2.142741164134826874e+02 4.196995271109127401e-01 5.500377799787036892e+00
2.142380766387211111e+02 4.080144703130739736e-01 5.497871534122876547e+00
2.142031400393376828e+02 4.160029015023644638e-01 5.450238536973230907e+00
2.141813427353169459e+02 4.144021928662100507e-01 5.474024811565090687e+00
2.141933323568661933e+02 4.159180418578914962e-01 5.516425572279493039e+00
2.141708933744379522e+02 4.157622720995438614e-01 5.517117236504991418e+00
2.141575436736553684e+02 4.137372652410246654e-01 5.534926137235482102e+00
2.141609799080260927e+02 4.361320741557046521e-01 5.483853418332473417e+00
2.141618936022802870e+02 4.395799331352500117e-01 5.583086891626097170e+00
2.141587479831303540e+02 4.443134738516049120e-01 5.536142071319299696e+00
2.141704841882070696e+02 4.531144651982460525e-01 5.556087575153096481e+00
2.141564253862857470e+02 4.508813778416356222e-01 5.538643687139927607e+00
2.141303374391451655e+02 4.435253253728012046e-01 5.465458637316854329e+00
2.141285460869241888e+02 4.320495115339368919e-01 5.523707227251803076e+00
2.141272522679611825e+02 4.448075197269611980e-01 5.491916247018287400e+00
2.141186477325038027e+02 4.338803874249631543e-01 5.544139802195656053e+00
2.141261921036357023e+02 4.423628644896099305e-01 5.515468866972626394e+00
2.141326925848945280e+02 4.374038063619159478e-01 5.603610138518838824e+00
2.141362008918399908e+02 4.358472712393228199e-01 5.585272318086496490e+00
2.141530891235509841e+02 4.375107527631695303e-01 5.588158708459459945e+00
2.141590234863596720e+02 4.560880401374493576e-01 5.532533792737874379e+00
2.141730311400021378e+02 4.431661249598951025e-01 5.552390949544547816e+00
2.141780599457828203e+02 4.578015074792733397e-01 5.511738529998465808e+00
2.141883732987384974e+02 4.461164506814345732e-01 5.507311878955273521e+00
2.142261463026769093e+02 4.482135301147116557e-01 5.555447059206457538e+00
2.142599239285598003e+02 4.439786851172458082e-01 5.607171918664937138e+00
2.142488177772818005e+02 4.455049962568759514e-01 5.605911811067557871e+00
2.142279213804455367e+02 4.412097032934841900e-01 5.591200868590771478e+00
2.141723569126898781e+02 4.254072100473819118e-01 5.675499044457153808e+00
2.140993997051999145e+02 4.246481230906580251e-01 5.572738664843927658e+00
2.140919611180083848e+02 4.402274238471875489e-01 5.507287467276726467e+00
2.140908358558734506e+02 4.290503624553033690e-01 5.499746583527464594e+00
2.140944534341419399e+02 4.335176996294074492e-01 5.527609608436676147e+00
2.141187058555479723e+02 4.341791398719432871e-01 5.499559427325270811e+00
2.138914273159708159e+02 3.649987677914638406e-01 5.273751400765363861e+00
2.139235461101733904e+02 3.664495189736865499e-01 5.235211172644040900e+00
2.139582699792152027e+02 3.852848726640348276e-01 5.349920487675589698e+00
2.139667896550280943e+02 4.296943657845913589e-01 5.324040621033102383e+00
2.139806043401639499e+02 4.438310525850804877e-01 5.318704925579254450e+00
2.140320850828369714e+02 4.354776086784679645e-01 5.298374647193122122e+00
2.140681271825202998e+02 4.313531974649053025e-01 5.299297641134375958e+00
2.140848282580291198e+02 4.465744602694119436e-01 5.256937566550885954e+00
2.140701103407870391e+02 4.414142964089258214e-01 5.397169872733782903e+00
2.140417032841844787e+02 4.321099594998628057e-01 5.371582946233859346e+00
2.140080140053287323e+02 4.412736386420597068e-01 5.487295465007602679e+00
2.139480624101998956e+02 4.389138430491814069e-01 5.458488521861239562e+00
2.138473607488108144e+02 4.211188918492892452e-01 5.496356847592078765e+00
2.138228293367928075e+02 4.358158847954766157e-01 5.475067538977313575e+00
2.138209031391093617e+02 4.022184403494822313e-01 5.514837650713053208e+00
2.138012180265133964e+02 4.021626422270890844e-01 5.500076722418290487e+00
2.137855189922859154e+02 4.146590967213953371e-01 5.447661361195195617e+00
2.138119766019873396e+02 4.213432467997451636e-01 5.467662663151385161e+00
2.138283835748927117e+02 4.225754553359279408e-01 5.491518685396236776e+00
2.138646686289006311e+02 4.355857175406047666e-01 5.593666448124020363e+00
2.138507167733805829e+02 4.307859165539079660e-01 5.660042964554242495e+00
2.138451369611412645e+02 4.187916451611403135e-01 5.668370834321424745e+00
2.138150385239536604e+02 4.112042629765508273e-01 5.727737711626003758e+00
2.137604958593143465e+02 4.131862587823919575e-01 5.776536657041490663e+00
2.137510438898731024e+02 4.299303453438791944e-01 5.783460274061777540e+00
2.137255801842267999e+02 4.272357610166417907e-01 5.780168184840579926e+00
2.137511822227181995e+02 4.508662658501541576e-01 5.706444915628589243e+00
2.137752486503829061e+02 4.657759891379655293e-01 5.739906352151249891e+00
2.137584313287857753e+02 4.520996368472200988e-01 5.795726561301211888e+00
2.137308705437062031e+02 4.322599169537945096e-01 5.770367477134394463e+00
2.137004780039151797e+02 4.582316180060541089e-01 5.748030791263873951e+00
2.137173952971482436e+02 4.578247566969371740e-01 5.740051659761649105e+00
2.137330989812192854e+02 4.577550090439456709e-01 5.719002980549704240e+00
2.137448909844183618e+02 4.663967432495896293e-01 5.704411771543887788e+00
2.137718565895257541e+02 4.692866210052031861e-01 5.760274991746527462e+00
2.138107316063814380e+02 4.630814048107281256e-01 5.737069947596263653e+00
2.138681873979940633e+02 4.908002845704241834e-01 5.737760449360878923e+00
2.139022347148018355e+02 4.785281850265738490e-01 5.795745160675343399e+00
2.139106009457781852e+02 4.816703167938398700e-01 5.727627277842100462e+00
2.139407156574181386e+02 5.005672809109973365e-01 5.653601768800480265e+00
2.139706490251602986e+02 4.829060127126721946e-01 5.665869218500797722e+00
2.140129672511519914e+02 5.109689808937929456e-01 5.642048070082442024e+00
2.140528791831154933e+02 5.019692087361260491e-01 5.713270885934687904e+00
2.140677970436294686e+02 5.049567332059275993e-01 5.647659268765606200e+00
2.140809363389921884e+02 5.171823343144502649e-01 5.632757682703976698e+00
2.140524804590325516e+02 4.912978178284300723e-01 5.624143847559529341e+00
2.140671111917083920e+02 4.896168993913354583e-01 5.705682341289215920e+00
2.140403153058899477e+02 4.660933409590767296e-01 5.682075085673367276e+00
2.140323280371615624e+02 4.852925449058639318e-01 5.549634754790501390e+00
2.140192526771474206e+02 4.841603080056355868e-01 5.521926337178753919e+00
2.139766868469876044e+02 4.591615867126070949e-01 5.467574316124262701e+00
2.139706211260991040e+02 4.616446031591037169e-01 5.490506181966976484e+00
2.139731750526594851e+02 4.367237667452490424e-01 5.649321587828569413e+00
2.139619410306843292e+02 4.588988705530058776e-01 5.564581676826574785e+00
2.139795616127517235e+02 4.416002901502364408e-01 5.575180995159512598e+00
2.139379362134464202e+02 4.481484323052529195e-01 5.562734526483184005e+00
2.139388254960220479e+02 4.499560589786153475e-01 5.607339313032116301e+00
2.139736016758036214e+02 4.592406340526641317e-01 5.584498119138291194e+00
2.139666396975741804e+02 4.425767572921170956e-01 5.690200687246874445e+00
2.139653121672455711e+02 4.528029256815508385e-01 5.694411120565792572e+00
2.139135361595082259e+02 3.646825784312358043e-01 5.402695049311590836e+00
2.139929241006040286e+02 3.671086342944560044e-01 5.512874254281343589e+00
2.140663741915084586e+02 3.954122318783973022e-01 5.540133961992179223e+00
2.140641573786042215e+02 4.498944485518062142e-01 5.488074313799340409e+00
2.140933479338420398e+02 4.618770953357419495e-01 5.519295688200092087e+00
2.141201531193475205e+02 4.759591464747211509e-01 5.450428018097190908e+00
2.141694960964563563e+02 4.629744584094745430e-01 5.437882740245790991e+00
2.141935543868948741e+02 4.706199636382235596e-01 5.456618122300184837e+00
2.142091069510510977e+02 4.718742589311869517e-01 5.496911341433360576e+00
2.142236911852916137e+02 4.750070910113874945e-01 5.452469299408075010e+00
2.142892005059029827e+02 4.865666020338415554e-01 5.489414631197660377e+00
2.143253588516746504e+02 4.943027792114795260e-01 5.590301123867181587e+00
2.143203788692510443e+02 4.919708826797978274e-01 5.591468234593905962e+00
2.143621577133929463e+02 4.995826765429343119e-01 5.521963535927016054e+00
2.143134506023872348e+02 4.761067790068864158e-01 5.543501611170784216e+00
2.143054168352234967e+02 4.841382212488549719e-01 5.565066423014865649e+00
2.142685737999916284e+02 4.672825384425813855e-01 5.621591083460041993e+00
2.142679193345144029e+02 4.639846369169677298e-01 5.543718991355940595e+00
2.142663139760346951e+02 4.488261470001534414e-01 5.560887376139793226e+00
2.142471333714620414e+02 4.445285291149952966e-01 5.561726672897457036e+00
2.142345694942365242e+02 4.443297483039695961e-01 5.538175215404002039e+00
2.142248048228177026e+02 4.395799331352500117e-01 5.512712672218579968e+00
2.141869132478691995e+02 4.337571665713448876e-01 5.476538051994550571e+00
2.141522382021844919e+02 4.348091936706329763e-01 5.512118654707268917e+00
2.141089469964335592e+02 4.301558627552182767e-01 5.600683062014963021e+00
2.139835639655725572e+02 4.152577640762388222e-01 5.577569852274470996e+00
2.139497630904720040e+02 4.366970301449356051e-01 5.494558520605781204e+00
2.138414810216636113e+02 4.173455438224503711e-01 5.490076071440196159e+00
2.137493699462013126e+02 4.038435606641836428e-01 5.525211451634652882e+00
2.136950574488168400e+02 4.086584736423619080e-01 5.518896964117157466e+00
2.136504549871896756e+02 4.139267463649848322e-01 5.473772557553438389e+00
2.136387164571912081e+02 4.104579630895420217e-01 5.486522428520280492e+00
2.135868776765661892e+02 4.157378604209968076e-01 5.494222569410539769e+00
2.136067348333728546e+02 4.256304025369546107e-01 5.465061075694802817e+00
2.135554447342846913e+02 4.112124002027331970e-01 5.423197371908435649e+00
2.135160070863615545e+02 4.145254137198283173e-01 5.402155667461790323e+00
2.134959139499955825e+02 4.144405540753553496e-01 5.357674101766475516e+00
2.134894529924067967e+02 4.311276800535662201e-01 5.312182357563668411e+00
2.134806833875040013e+02 4.228893197743895938e-01 5.405509367109797125e+00
2.134716371169110118e+02 4.290584996814857388e-01 5.342892249175815067e+00
2.135170858500611359e+02 4.387034376293237892e-01 5.278932488921747712e+00
2.135475004766089739e+02 4.347719949223708413e-01 5.227116957514379436e+00
2.135926911434430338e+02 4.323343144503187241e-01 5.297237760449361232e+00
2.136738715992206892e+02 4.309323866251900670e-01 5.255098553433676933e+00
2.137398610161768033e+02 4.387324991514035544e-01 5.318428259889055099e+00
2.137901095503136446e+02 4.455189457874742520e-01 5.341190406442823502e+00
2.138046484485797123e+02 4.463814917628021739e-01 5.370436759803032700e+00
2.137943804315984835e+02 4.472103263725175637e-01 5.344766136119520006e+00
2.137811958002613153e+02 4.223487754637056391e-01 5.370935455521921753e+00
2.137425021273034247e+02 4.207957277237621141e-01 5.228141085552470813e+00
2.137236795606827968e+02 4.140104435485745804e-01 5.342272657525073853e+00
2.137041955538196021e+02 4.092094801009946159e-01 5.393870808747285750e+00
2.136973753958179429e+02 4.028833679746676721e-01 5.501465863173704562e+00
2.136597755985511071e+02 4.087189216082878773e-01 5.466251435639191136e+00
2.136560905975513833e+02 3.926897484899632973e-01 5.530264669093885033e+00
2.136859530551796809e+02 4.205585857035910591e-01 5.475198897057113712e+00
2.137301347059671457e+02 4.489877290629170070e-01 5.462459488238220473e+00
2.137802472321806420e+02 4.508988147548835257e-01 5.537024379129642071e+00
2.138035185366012456e+02 4.752918939277693267e-01 5.600283175471145292e+00
2.138076278358233253e+02 4.833442604656353336e-01 5.679755976211400714e+00
2.140012240713099914e+02 3.793516723162265736e-01 5.677134626919803750e+00
2.140730467169779843e+02 3.833261260758575317e-01 5.616307698745937493e+00
2.140976432268054168e+02 3.959644007979131741e-01 5.824577677961136679e+00
2.141023128321731974e+02 4.449714267114911470e-01 5.753374623943904531e+00
2.141525625287709147e+02 4.713069780201896153e-01 5.687807180288383613e+00
2.141702307717345377e+02 4.754953245823277941e-01 5.704309474986167139e+00
2.141805580742208122e+02 4.520914996210377290e-01 5.759634475799889408e+00
2.141817356470954792e+02 4.534283296367077054e-01 5.716166575994718002e+00
2.141797780629681824e+02 4.468243893592980798e-01 5.779799684740608789e+00
2.141762476692659334e+02 4.473451718349677475e-01 5.770558120719237571e+00
2.141704458269979341e+02 4.537363817707534275e-01 5.592102938236128473e+00
2.141578308014935317e+02 4.413782601215469059e-01 5.785863080707334127e+00
2.141393418611463630e+02 4.466325833135714740e-01 5.744624780876123715e+00
2.141391047191262089e+02 4.634836162763122935e-01 5.721834735261158045e+00
2.141111533471898554e+02 4.601787399853994875e-01 5.778045531267872903e+00
2.140321745923249637e+02 4.546070649722636636e-01 5.820252161014781933e+00
2.140058436908597912e+02 4.498188885943987803e-01 5.712861699703805307e+00
2.139931077694235455e+02 4.537689306754827956e-01 5.717559204132780515e+00
2.139952525097530440e+02 4.596347082920659854e-01 5.652684587163641972e+00
2.140083418192977831e+02 4.726600824882242757e-01 5.721429036412924773e+00
2.140055100645863320e+02 4.748257471136096419e-01 5.705490535243488814e+00
2.139991897647644237e+02 4.573469852739455166e-01 5.779913605907161411e+00
2.139588709714918195e+02 4.620898256773659507e-01 5.730629914303383643e+00
2.139445052798973279e+02 4.501315905719772692e-01 5.785444594789385775e+00
2.139230253276977294e+02 4.563216947749708097e-01 5.788134529273089690e+00
2.138801584201691526e+02 4.395497091522870270e-01 5.669997117097009820e+00
2.139114890658929369e+02 4.561787120863383116e-01 5.703062154458502064e+00
2.139151194312311475e+02 4.671651298933791052e-01 5.659004886985552929e+00
2.139234077773282934e+02 4.704839557148902118e-01 5.565602317482016836e+00
2.139536317602912732e+02 4.810565374475148648e-01 5.743904055128544961e+00
2.139843997749475761e+02 4.650506135468541746e-01 5.710898303272094800e+00
2.139688390735651637e+02 4.504919534457665353e-01 5.690419229892913933e+00
2.139560589786153741e+02 4.480682225043127187e-01 5.598028001357754135e+00
2.139170258670795590e+02 4.367086547537675223e-01 5.642005059029763459e+00
2.138684268649359979e+02 4.290561747597193554e-01 5.646933893174495012e+00
2.138466795467332418e+02 4.346778355908323954e-01 5.565360525618312515e+00
2.138195837460069413e+02 4.243586703307433705e-01 5.612936562184682288e+00
2.138137609794430318e+02 4.402506730648513833e-01 5.520005951799721977e+00
2.137804878615834525e+02 4.220500230167255062e-01 5.537185961192405692e+00
2.137218765838529464e+02 4.315159419885520875e-01 5.656534657608771610e+00
2.136415761109638538e+02 4.198913331566392904e-01 5.621212121212121104e+00
2.136372029331213014e+02 4.350440107690376479e-01 5.688624390289266586e+00
2.135903627342939899e+02 4.266556930359293176e-01 5.724488633457483822e+00
2.135081418760258600e+02 4.211212167710556287e-01 5.770690641259921705e+00
2.134719068078359214e+02 4.410213846304071872e-01 5.699414352207048395e+00
2.132740699150473631e+02 4.209142987338476138e-01 5.695386425246790729e+00
2.131408518978336417e+02 4.147067576176061698e-01 5.711034311195428259e+00
2.130973677235760988e+02 4.290003766373261529e-01 5.693753167705907003e+00
2.130934141941123698e+02 4.376153742426567295e-01 5.759916953794505190e+00
2.130553528998749186e+02 4.396950167626859085e-01 5.661575087998288680e+00
2.128467957928215810e+02 3.871355103900753769e-01 5.815140820511389919e+00
2.126664829978471118e+02 4.180104714476358119e-01 5.719259884404889860e+00
2.125273259679811702e+02 4.272287862513426404e-01 5.680153537833452226e+00
2.124788780857524273e+02 4.380559469173862519e-01 5.744274880150283202e+00
2.123368102538349547e+02 4.350951590478980280e-01 5.816894973984125805e+00
2.123414310358456305e+02 4.502513240429459329e-01 5.679143359325959040e+00
2.122658536415249557e+02 4.385302309577282509e-01 5.722376442032725663e+00
2.122157829639032514e+02 4.529982191099269362e-01 5.646379399333212312e+00
2.121738692742989087e+02 4.548511817577338689e-01 5.639344186068139031e+00
2.121225454638451424e+02 4.587709998558548441e-01 5.570110340787032932e+00
2.117160189434625579e+02 3.866403020538358715e-01 5.226949563147200273e+00
2.116665469331956899e+02 4.033518397105937403e-01 5.249601275917065379e+00
2.116267012615025465e+02 4.179290991858123916e-01 5.441409646565393388e+00
2.115559143684814956e+02 4.449098162846820137e-01 5.496502155202477091e+00
2.114771692682541300e+02 4.293177284584373532e-01 5.524548848931233103e+00
2.114240843295623051e+02 4.450411743644826501e-01 5.485204197878741361e+00
2.114121446938310385e+02 4.613237639553429137e-01 5.604342488875249551e+00
2.114814436369216253e+02 4.605600271550862046e-01 5.589951223141341075e+00
2.114914872989523928e+02 4.818981591269453912e-01 5.540895373870669438e+00
2.115258740543380611e+02 4.889310474702526221e-01 5.541547514426139465e+00
2.115209010466797679e+02 4.860632564714197357e-01 5.607485783103398624e+00
2.115049288341447209e+02 4.808798433932698346e-01 5.657131000041848878e+00
2.114533364952269494e+02 4.562182357563667745e-01 5.754020952194959015e+00
2.114436892323573431e+02 4.685414835790775445e-01 5.769281738669493897e+00
2.115088254030251846e+02 4.610656976392744633e-01 5.802590892816456680e+00
2.115390807724320155e+02 4.699736353871692418e-01 5.759328748587609681e+00
2.116159845346204236e+02 4.804334584141243814e-01 5.740381798652474998e+00
2.116812427636810128e+02 5.022656362613397985e-01 5.698682001850637668e+00
2.117676194196065182e+02 4.988910123174355449e-01 5.768020468611231522e+00
2.117742338220319027e+02 5.116257712927959611e-01 5.748011029428859331e+00
2.117545963703321377e+02 4.947142903641292278e-01 5.771776379724822270e+00
2.117247804111391645e+02 4.953850302937305994e-01 5.759914628872738085e+00
2.116967209303406889e+02 4.843207276075159884e-01 5.708071198404173430e+00
2.116896334063358722e+02 4.556207308624064534e-01 5.711055235491325988e+00
2.116565834809658782e+02 4.569006002948000633e-01 5.748727105332905651e+00
2.116253551317998074e+02 4.579596021593873578e-01 5.723107629928253282e+00
2.115921157253058311e+02 4.715173834400472330e-01 5.655942965019226776e+00
2.115448930768479556e+02 4.559276205355689560e-01 5.619954338536508054e+00
2.115155595389215080e+02 4.645123941579366034e-01 5.621830550401979210e+00
2.115142750196455950e+02 4.528808105607246559e-01 5.718740264390103079e+00
2.114999290898861375e+02 4.722497337964577380e-01 5.609400356178015024e+00
2.115186819088537789e+02 4.773599118389666440e-01 5.520706915712286111e+00
2.115150887422638277e+02 4.682834172630090941e-01 5.641472651945262484e+00
2.114897633694626222e+02 4.684577863954877963e-01 5.599233473293623753e+00
2.114748466714094945e+02 4.581781448054272898e-01 5.621796839036366400e+00
2.114792651852265237e+02 4.828292902943815967e-01 5.560554912327200228e+00
2.114598823124601950e+02 4.741003715224982873e-01 5.563256471419737004e+00
2.114450039756162312e+02 4.657469276158857086e-01 5.542136882093917194e+00
2.113950541939263701e+02 4.568680513900707507e-01 5.590032595403164883e+00
2.113873366161228660e+02 4.678788808756585427e-01 5.526883070384681851e+00
2.112558413659380392e+02 4.418746309186695753e-01 5.589418816056840100e+00
2.111568729337257935e+02 4.326772404108601977e-01 5.555866707585289888e+00
2.109638428166892083e+02 4.217070970561840326e-01 5.569579096163414178e+00
2.108224062010313276e+02 4.341268291321996875e-01 5.533406800861150998e+00
2.107115132450793169e+02 4.399530830787544144e-01 5.545774222197422887e+00
2.106872538489079716e+02 4.359205062749638704e-01 5.547357493920329397e+00
2.106088016888231778e+02 4.391393604605204892e-01 5.461934055919018149e+00
2.105342623720711686e+02 4.362192587219440032e-01 5.435965842249408375e+00
2.104550034641334264e+02 4.372247873859044787e-01 5.466414180162837866e+00
2.104182545882331112e+02 4.509406633466783720e-01 5.488726454354811324e+00
2.104523077173453203e+02 4.590093043369090631e-01 5.439884497886645853e+00
2.104613377134859320e+02 4.237390786800024345e-01 5.617867721251180058e+00
2.104190148376507068e+02 4.465593482779304235e-01 5.579701805534243775e+00
2.103520791775356713e+02 4.508232547974760918e-01 5.567123978778114157e+00
2.103116441381747563e+02 4.465291242949674944e-01 5.578790436201821912e+00
2.102539814285249236e+02 4.486459655632588084e-01 5.634575771525287990e+00
2.102467544092141338e+02 4.683496775333509943e-01 5.668103468318291149e+00
2.101916979368644149e+02 4.596149464570516985e-01 5.684205876472256946e+00
2.101791910202221629e+02 4.743549504559171348e-01 5.650922296464724326e+00
2.101861692729039532e+02 4.834605065539544499e-01 5.565081535006346947e+00
2.097963740520131637e+02 4.109520089648983077e-01 5.415565816210284211e+00
2.098119696272220551e+02 4.120830834042434332e-01 5.472515937338708447e+00
2.098497693677607856e+02 4.311881280194921340e-01 5.558221853334635476e+00
2.098553910285918960e+02 4.856994062149808666e-01 5.404699131874212803e+00
2.098899033297529400e+02 5.076338806199170994e-01 5.586093015470029677e+00
2.099215455149934257e+02 5.163267631044214934e-01 5.523231780750577968e+00
2.099423152035934095e+02 5.052845471749876083e-01 5.566898461366775130e+00
2.099237634903585388e+02 4.909595417114214211e-01 5.735948172843984061e+00
2.099271567136765952e+02 4.987968529858970435e-01 5.640896071347198948e+00
2.099463896289889817e+02 5.122953487615141688e-01 5.654528250124383426e+00
2.099429045712611810e+02 5.080023807198887908e-01 5.774061777821176022e+00
2.098941556116636775e+02 4.972391554024206961e-01 5.802569968520558952e+00
2.098258691720023705e+02 4.901307071017060313e-01 5.778103654312032766e+00
2.097784233310549098e+02 4.823015330534127787e-01 5.828142945489884319e+00
2.097559982981572659e+02 4.780399514556334939e-01 5.858344841696077054e+00
2.097361957770121137e+02 4.812867047023867695e-01 5.987308252077317761e+00
2.097157399528505834e+02 4.891774891774891554e-01 5.939442762751033555e+00
2.096979915000860331e+02 4.991142048070082438e-01 5.911440242535838330e+00
2.096936241345478606e+02 4.977297138951274347e-01 5.959015116641324994e+00
2.097183380529245085e+02 4.934425581579179876e-01 5.889833582099962328e+00
2.097175313050715886e+02 5.075687828104584742e-01 5.874499560589786284e+00
2.097318783972919221e+02 5.013519420071514965e-01 5.900380589693156708e+00
2.097318900219007674e+02 5.054926276730787871e-01 5.974683926885860252e+00
2.097521645021645043e+02 5.060424716708282755e-01 5.936781889789408240e+00
2.097620349575236673e+02 5.055449384128224422e-01 6.017564783945020146e+00
2.098028280348366366e+02 5.115153375088927756e-01 5.983026908644523800e+00
2.098183747866884232e+02 5.157339080539939946e-01 6.032194354159982730e+00
2.098498414403355241e+02 5.266075671553652748e-01 6.032283863647988298e+00
2.099049630104946971e+02 5.449558497356563613e-01 6.027352704581490528e+00
2.099321692450048999e+02 5.485211172644040012e-01 5.982245734931019854e+00
2.099797150575883222e+02 5.599004468499635401e-01 6.009295037221997760e+00
2.099945178344748626e+02 5.707694561078019424e-01 5.951178967827732258e+00
2.100368755841365953e+02 5.665427483365185202e-01 5.996557953324870738e+00
2.100451743923817105e+02 5.880459497537907643e-01 6.040973258749843033e+00
2.100523665378659928e+02 5.835042150831624141e-01 5.842287769516556040e+00
2.100932805111108053e+02 5.767561296562370154e-01 5.843435118408265794e+00
2.101346245948823821e+02 5.673506586503364035e-01 5.834567866791282142e+00
2.101553535973514499e+02 5.727107657827313902e-01 5.805544705920645754e+00
2.102094336025592725e+02 5.464496119705571919e-01 5.839696644207922560e+00
2.102586335969794504e+02 5.470517667080502244e-01 5.724610691850219091e+00
2.102619652098706808e+02 5.374045038384458461e-01 5.765346808579891125e+00
2.102516762685935703e+02 5.226296260130847138e-01 5.719227335500160159e+00
2.102550787915986632e+02 5.346762081455959104e-01 5.702657618071151902e+00
2.102505207824756610e+02 5.167243247264730055e-01 5.685992578849721646e+00
2.102752161014781791e+02 5.127859072542209073e-01 5.650438712737316571e+00
2.102583104328539321e+02 5.044057267472950024e-01 5.559620293777114419e+00
2.102536001413552356e+02 5.016727812109122997e-01 5.597063158824705731e+00
2.102678414496352275e+02 5.199187672334826260e-01 5.544980261414202971e+00
2.102967518518001953e+02 5.078407986571251698e-01 5.569469824840393990e+00
2.103096726045168623e+02 5.188155918553341017e-01 5.560639771971673362e+00
2.103203707320248554e+02 5.232062066111475840e-01 5.571114706990109688e+00
2.103375216798954739e+02 5.080349296246181590e-01 5.621228395664485511e+00
2.103542553043090209e+02 5.149527343404894930e-01 5.612229785967702611e+00
2.103915516992853156e+02 5.198083334495794405e-01 5.541189476474116304e+00
2.104257117747987706e+02 5.106713909076959768e-01 5.584808496194103355e+00
2.104671407182148357e+02 5.014774877825360910e-01 5.637344753349049498e+00
2.104572133022723790e+02 4.977087895992299837e-01 5.610018785367872240e+00
2.104418118580309738e+02 4.882161340270899652e-01 5.504964870432109691e+00
2.104520101273592161e+02 4.798882642599076598e-01 5.591677477552880582e+00
2.104368830238862529e+02 4.836325507646667687e-01 5.608378553061689864e+00
2.103442139672000053e+02 4.069101324740422299e-01 5.301008783554433279e+00
2.102931203240011087e+02 4.291584713174401711e-01 5.301391233185003493e+00
2.102326630583880842e+02 4.430312794974449186e-01 5.387752777119049874e+00
2.101243798271188155e+02 4.641345943708994337e-01 5.468411287960160294e+00
2.100586240648002274e+02 4.611342828313827469e-01 5.568364324540478805e+00
2.100089242122002702e+02 4.484297478389852043e-01 5.576294632685610431e+00
2.099799731239043865e+02 4.452655293149385685e-01 5.656738088263329800e+00
2.099437066692705685e+02 4.616225164023230465e-01 5.726946075764550947e+00
2.098785867730550763e+02 4.622176963745169842e-01 5.797486527078364205e+00
2.098113907217022245e+02 4.675034060103877565e-01 5.833305434272136658e+00
2.097643470922203335e+02 4.744642217789371563e-01 5.876088644617108336e+00
2.096783982218998403e+02 4.747548369997349749e-01 5.853420657394878823e+00
2.096068127182520300e+02 4.720288662286514225e-01 5.901276847034097273e+00
2.095451616053119892e+02 4.817702884297943577e-01 5.852554624036900854e+00
2.094722474088746935e+02 4.667652433495612652e-01 5.830460892490967773e+00
2.093793935209080246e+02 4.799963731220444618e-01 5.762823106002483264e+00
2.093108199534085543e+02 4.764776040286244352e-01 5.739485541311534433e+00
2.092657094963754503e+02 4.853320685758923947e-01 5.703315570931038359e+00
2.092598878922724168e+02 4.909037435890282186e-01 5.667576873538205717e+00
2.092719612110052481e+02 5.097658338796899891e-01 5.676839361855473776e+00
2.092243317012382420e+02 5.152026634303755737e-01 5.658107467183729256e+00
2.091558650801400461e+02 5.151178037859025505e-01 5.679724589767554122e+00
2.091630653628505456e+02 5.244965381914898916e-01 5.676963745169975262e+00
2.091165111294004930e+02 5.236886278776718973e-01 5.723057644110276065e+00
2.090699882823942914e+02 5.070828741612845025e-01 5.671382770469773682e+00
2.090906719488889109e+02 4.874058987915056429e-01 5.610691850219239996e+00
2.091239450667484903e+02 4.764183185235816853e-01 5.628642571177479681e+00
2.091134027089988479e+02 4.802695514295943768e-01 5.580355108550596910e+00
2.091088330752670288e+02 4.886485694756371179e-01 5.496510292428659739e+00
2.091074764834163204e+02 4.865514900423600908e-01 5.545709124387964373e+00
2.091248436490112113e+02 4.872536164158076111e-01 5.600302937306159912e+00
2.091182013475246606e+02 4.890112572711928229e-01 5.622813992309159126e+00
2.090911380957030872e+02 4.881115125476027661e-01 5.598094261628096646e+00
2.090937327083943558e+02 5.038349584536480075e-01 5.593029419560031634e+00
2.090540137449374924e+02 4.872233924328446264e-01 5.616393720851293736e+00
2.090056542097358374e+02 4.900098111698541481e-01 5.619674185463659377e+00
2.089421443218435570e+02 4.725275619475404754e-01 5.643116371634094186e+00
2.089200273410799866e+02 4.901923175285151646e-01 5.554892565365175727e+00
2.089088467923054395e+02 4.778109466616448087e-01 5.533779950804655456e+00
2.089165213590562757e+02 4.826700331533844146e-01 5.558369485866800908e+00
2.089207852655758018e+02 4.862050766991690698e-01 5.542759961127307733e+00
2.089156099897238335e+02 4.911525102180311908e-01 5.487336151138514140e+00
2.088828448672702223e+02 4.758091890207894470e-01 5.586673083450741650e+00
2.088557490665439218e+02 4.847182892295674450e-01 5.547773654916512420e+00
2.088578008100027432e+02 4.735470401420991959e-01 5.576856101292191781e+00
2.088710249650099229e+02 4.930810328232455020e-01 5.523993192629068183e+00
2.088790436201821876e+02 4.951850870218217349e-01 5.511894299756812998e+00
2.088531486415482163e+02 4.969590023295716308e-01 5.470969864364064073e+00
2.088419506558604439e+02 4.858668005821604186e-01 5.554570563700531594e+00
2.088656148720595525e+02 5.027643319802288513e-01 5.451025522991151284e+00
2.088765466542051001e+02 4.814750233654637723e-01 5.449827025820581206e+00
2.088667087477506357e+02 4.866468118347817562e-01 5.462199097000385528e+00
2.088693300970422229e+02 4.856389582490548973e-01 5.493161242624185370e+00
2.089153937719995611e+02 4.881428989914489147e-01 5.443479989398356977e+00
2.089424395869079092e+02 4.972868162986315288e-01 5.386692612793579471e+00
2.090122906989179796e+02 4.960534453015655876e-01 5.456312395087905109e+00
2.090906091760012373e+02 5.080802655990626082e-01 5.430417416453936497e+00
2.091444287899712151e+02 5.099239285598039517e-01 5.384644356717396718e+00
2.091721337202003212e+02 5.209428952715741135e-01 5.380214218291554218e+00
2.092262706859914090e+02 5.031351570019668706e-01 5.458101422387136914e+00
2.095019168979963808e+02 4.002352820827579372e-01 5.085292079921510222e+00
2.094768960899465640e+02 4.136954166492297635e-01 5.109149264627244946e+00
2.094908735196060547e+02 4.278530277456163433e-01 5.245612872626836065e+00
2.094755150864173459e+02 4.610226865865963419e-01 5.307420917786116910e+00
2.094628686744690924e+02 4.469417979085003600e-01 5.218482198074035239e+00
2.094427929750164026e+02 4.474428185491557963e-01 5.281467816107987545e+00
2.094487633741124739e+02 4.479019905980163863e-01 5.381730067283235996e+00
2.095023888571149655e+02 4.491074625338857262e-01 5.308954203691046203e+00
2.095432202956370418e+02 4.655086231348314896e-01 5.314912978178284675e+00
2.095603410195246852e+02 4.746165041546351882e-01 5.295442920845713886e+00
2.095644910048776808e+02 4.742549788199627026e-01 5.302043373740473520e+00
2.095579475125662157e+02 4.645019320099878501e-01 5.420928248264446303e+00
2.095103203277209616e+02 4.703793342354029572e-01 5.377044187463091873e+00
2.094150008602210562e+02 4.499107230041708982e-01 5.313189048688511384e+00
2.094576120263553207e+02 4.407098451137119177e-01 5.448083334495794183e+00
2.095246081344362779e+02 4.585199083050855440e-01 5.374719265696708881e+00
2.095833007844286158e+02 4.702874998256308947e-01 5.280893560431691114e+00
2.096127691678175040e+02 4.682845797238923136e-01 5.275976350895792422e+00
2.096061431407833027e+02 4.677905338485359721e-01 5.357002199375990870e+00
2.095978454949990919e+02 4.748850326186523918e-01 5.351451448658752774e+00
2.096512710347296888e+02 4.497956393767349459e-01 5.434352346543538381e+00
2.097275540428064460e+02 4.677138114302453742e-01 5.419315915019459418e+00
2.098028652335848960e+02 4.711488833400755971e-01 5.365888050367105144e+00
2.098950181576389866e+02 4.824514905073444271e-01 5.389914954361786137e+00
2.099495526850521401e+02 4.888461878257796545e-01 5.372314134129386964e+00
2.100088533020863792e+02 4.961115683457251735e-01 5.443238197534652656e+00
2.100959669582118465e+02 4.923300830927039295e-01 5.446815089672232268e+00
2.101712944234426459e+02 4.985724980354411251e-01 5.486926964907630655e+00
2.102491479161726318e+02 5.136368286207169120e-01 5.439003352537187475e+00
2.103452845936734263e+02 5.125476027731666884e-01 5.432265729258210385e+00
2.104376595477562262e+02 5.101971068673538667e-01 5.429739701759035420e+00
2.104501269407284383e+02 5.075327465230794477e-01 5.558218365951986151e+00
2.104796708840747499e+02 5.315108271606659995e-01 5.467122118840700651e+00
2.104635591762337299e+02 5.042848308154430637e-01 5.559069287318481933e+00
2.104459502187751241e+02 5.051752758519675313e-01 5.627231343665285657e+00
2.105005626310674529e+02 5.062865884562984808e-01 5.721631304606599855e+00
2.105163848861485860e+02 5.140657766866144618e-01 5.658654986259712416e+00
2.105592238946159398e+02 5.239664560287545791e-01 5.599870501857612481e+00
2.105762295348761484e+02 5.246581202542534017e-01 5.633798085194433369e+00
2.106023209693993863e+02 5.213544064242238152e-01 5.680274433765303499e+00
2.106359474753674590e+02 5.121105174810867133e-01 5.607929843160778027e+00
2.106491460562351961e+02 5.071165855268969791e-01 5.698199580584113022e+00
2.106865645096042385e+02 5.123069733703461415e-01 5.610009485680806485e+00
2.107543615532337355e+02 5.068108583146176960e-01 5.598768488940347510e+00
2.108028338471410450e+02 5.109410818325963444e-01 5.608254169747188378e+00
2.108955598644105578e+02 4.995396654902562461e-01 5.645834205178995369e+00
2.109477903943532340e+02 4.991723278511678297e-01 5.644182348263981019e+00
2.110244326028429214e+02 5.186598220969864670e-01 5.590909090909090828e+00
2.110100785358572750e+02 5.031979298896591679e-01 5.642523516583667131e+00
2.110508553387178381e+02 4.975320955449848981e-01 5.602804553126786935e+00
2.110636726324159156e+02 4.983992913638455868e-01 5.628489126340898707e+00
2.110850572628231134e+02 5.052578105746741155e-01 5.641998084264464808e+00
2.111582643994029524e+02 5.113735172811434415e-01 5.609076029591604673e+00
2.112466346757431666e+02 5.237304764694667991e-01 5.619012745221123595e+00
2.113295483606976575e+02 5.240687525864754504e-01 5.633055272690073778e+00
2.113983439582258086e+02 5.299159308289276282e-01 5.629184277949047299e+00
2.114510952706441458e+02 5.270411650647955915e-01 5.654138825728514561e+00
2.114917197911290145e+02 5.363675887306391665e-01 5.707803832401039834e+00
2.115604189044038606e+02 5.113084194716848163e-01 5.891520312841472595e+00
2.115872636135794096e+02 5.150341066023128578e-01 5.854197181264850336e+00
2.116662679425837439e+02 4.011919873896243605e-01 5.497593705971794087e+00
2.116959583560013129e+02 3.956714606553489721e-01 5.751958746588177185e+00
2.117167478064363024e+02 4.215978257331640666e-01 5.765042243828495394e+00
2.117366375121477233e+02 4.768693533462599055e-01 5.672102333756469328e+00
2.117915475144261279e+02 4.864701177805366705e-01 5.689674092466788125e+00
2.118135645235537936e+02 5.018146014386616338e-01 5.639838231943494762e+00
2.118457972389228985e+02 5.081790747741338210e-01 5.618496612588986139e+00
2.118407498337680863e+02 4.943376530379752776e-01 5.747446073439628655e+00
2.118036696565160639e+02 4.908014470313074029e-01 5.760836460353108812e+00
2.117793660868311747e+02 4.934367458535020567e-01 5.742055742324271073e+00
2.117487364050199687e+02 4.808810058541529986e-01 5.792676263943718595e+00
2.117000048823357190e+02 4.759417095614732474e-01 5.809023951344037151e+00
2.116176759152054672e+02 4.738271932149483168e-01 5.834922417360655977e+00
2.115994799150008703e+02 4.643856859216687338e-01 5.775154491051376127e+00
2.115373463807942755e+02 4.708733801107592987e-01 5.747648341633303737e+00
2.114958976755432047e+02 4.687972249733796670e-01 5.758446440777268194e+00
2.114947201026685377e+02 4.868083938975453218e-01 5.796418225526711154e+00
2.114529831071184560e+02 4.919976192801112092e-01 5.796696053677793614e+00
2.114012233738334601e+02 4.909688413984869548e-01 5.742016218654242721e+00
2.113653254192996371e+02 4.831001436801651838e-01 5.796328716038705586e+00
2.113768105328255729e+02 4.816028940626148058e-01 5.701249877941607203e+00
2.113568045810258411e+02 4.803544110740673445e-01 5.751336830015669754e+00
2.113247113609627093e+02 4.812622930238397712e-01 5.757072412013335416e+00
2.113337018334333095e+02 4.929612993522767828e-01 5.832470787358005282e+00
2.113426492948512418e+02 5.054984399774947734e-01 5.725907998195860493e+00
2.113433177098590647e+02 5.117199306243345180e-01 5.718428724873407809e+00
2.113375832903222715e+02 4.927590311586015348e-01 5.747570456754130142e+00
2.113368230409046760e+02 4.838662054021882208e-01 5.756148255611198472e+00
2.113725501136886749e+02 4.799568494520159434e-01 5.699031902576478181e+00
2.113908507353727657e+02 4.791582388252635383e-01 5.728759514742328918e+00
2.114263918144154388e+02 4.911280985394841370e-01 5.658950251324043279e+00
2.114461455122035147e+02 4.986271336969511081e-01 5.531729369806705598e+00
2.114967637089011987e+02 4.914501002041281041e-01 5.531030730815907681e+00
2.115539370225191931e+02 4.897110587228739598e-01 5.516588316803139769e+00
2.116084099395055489e+02 5.032909267603145054e-01 5.537759054407819015e+00
2.116319660468425354e+02 5.002476041681197527e-01 5.527307368607046634e+00
2.116367449235333140e+02 4.872338545807933796e-01 5.665600690036780129e+00
2.116522858630807207e+02 5.084185417160712595e-01 5.513171844267440669e+00
2.116315649978378133e+02 4.802928006472582112e-01 5.650740952566946085e+00
2.115964633290089694e+02 4.687170151724394662e-01 5.631825389075657995e+00
2.115923889036133971e+02 4.765659510557469503e-01 5.670510924807380171e+00
2.116000448709901036e+02 4.856994062149808666e-01 5.676541771869376696e+00
2.115733768558687871e+02 4.687623511468839155e-01 5.732043466737343884e+00
2.115474865270783766e+02 4.743991239694784201e-01 5.695937431705423215e+00
2.115329569284993454e+02 4.802463022119305425e-01 5.736337597239852926e+00
2.115171486229488380e+02 4.682624929671116432e-01 5.771106802256103840e+00
2.115330696872050282e+02 4.818225991695379573e-01 5.765959425465332799e+00
2.115166813136737858e+02 4.788664611435825003e-01 5.879513254378990084e+00
2.115019029484657835e+02 4.834093582750940699e-01 5.820476515965237851e+00
2.115100029758998517e+02 4.943178912029610461e-01 5.891486601475860674e+00
2.114366458818660703e+02 4.746630025899628569e-01 5.977086733531416840e+00
2.114005189225382537e+02 4.859202737827871821e-01 5.935606641836502106e+00
2.113873331287402095e+02 4.941086482439865923e-01 5.812987942955719411e+00
2.113801560952474006e+02 4.881242996173179027e-01 5.868207159829071706e+00
2.113885467379022600e+02 5.004289480658975497e-01 5.862638972198585208e+00
2.113566371866586735e+02 4.779690413417588268e-01 5.855012066343967092e+00
2.114307266310488558e+02 4.713430143075685308e-01 5.783516072184171186e+00
2.114713197650899019e+02 4.471580156327739641e-01 5.764476125378380722e+00
2.114759998326056234e+02 4.502548114255955358e-01 5.844581304839092439e+00
2.114877709115088180e+02 4.608715666717814741e-01 5.902378859951362244e+00
2.113931768196000291e+02 4.005200849991397694e-01 5.658378320569513065e+00
2.114177686795839293e+02 4.251537935748462282e-01 5.535008671958189019e+00
2.114236902553228958e+02 4.511685056797838933e-01 5.569174559776063127e+00
2.114305615616034402e+02 4.761556023639804680e-01 5.603869367295790660e+00
2.114226300909974441e+02 4.744246981089086379e-01 5.659982516588316415e+00
2.114074437020194352e+02 4.469662095870474139e-01 5.661405368709343300e+00
2.113426504573121179e+02 4.498374879685298477e-01 5.646127145321560015e+00
2.112509869292898372e+02 4.484739213525464896e-01 5.674628361255643405e+00
2.112200561701098707e+02 4.564077168803269968e-01 5.730788008983497939e+00
2.111750468471736042e+02 4.625385355782777874e-01 5.678318012098892531e+00
2.111288471642929210e+02 4.613737497733201298e-01 5.657442539558544148e+00
2.111424026206518079e+02 4.678440070491627911e-01 5.604580793356303658e+00
2.111164192949907203e+02 4.750187156202193561e-01 5.636655414045317336e+00
2.110847643226805417e+02 4.771971673153198590e-01 5.606689497398412492e+00
2.111074392846680610e+02 4.802869883428422804e-01 5.664649797034329914e+00
2.110657348380227063e+02 4.600125080791031551e-01 5.730584578328938861e+00
2.110269458432723866e+02 4.620723887641181027e-01 5.628071802883832575e+00
2.110149050734442824e+02 4.791919501908760703e-01 5.592309856273335988e+00
2.109965381914898614e+02 4.721381375516713885e-01 5.522263450834879350e+00
2.109571575041499898e+02 4.694691273638642026e-01 5.558601978043438585e+00
2.109389777783977706e+02 4.592034353044019968e-01 5.513787948535531669e+00
2.109474521182362139e+02 4.570249836093015494e-01 5.523482872301347157e+00
2.109395694709872942e+02 4.558694974914094256e-01 5.489600624938971052e+00
2.109529168468480975e+02 4.694389033809012179e-01 5.507700140890259277e+00
2.110001569322192267e+02 4.702816875212149084e-01 5.424591162507381270e+00
2.110562491572158592e+02 4.834628314757208334e-01 5.366744784038017357e+00
2.110643701089458375e+02 4.765810630472284704e-01 5.457105193410241917e+00
2.110992462603633442e+02 4.682787674194763272e-01 5.430919599555474875e+00
2.110823684908002917e+02 4.604588930582486084e-01 5.454591952980782033e+00
2.111087075294916247e+02 4.588081986041169791e-01 5.449069101324740316e+00
2.110902418383621466e+02 4.587465881773078458e-01 5.424095954171142431e+00
2.110732966460678597e+02 4.433253821008922846e-01 5.536996480068445692e+00
2.110221227930680072e+02 4.453992123165055328e-01 5.484772924891077039e+00
2.109847241015339705e+02 4.534771529938017576e-01 5.551104105346855278e+00
2.109391161112428676e+02 4.404424791105779335e-01 5.606629049432486411e+00
2.109581641952748328e+02 4.731355289894494942e-01 5.537878787878788067e+00
2.109773680490651486e+02 4.694784270509297364e-01 5.558200929038737748e+00
2.109540467588265642e+02 4.612051929452574139e-01 5.567808668238313885e+00
2.109099092815526717e+02 4.591732113214390121e-01 5.640455498672469759e+00
2.108600408721246424e+02 4.480833344957942388e-01 5.724511882675147767e+00
2.107608969083190402e+02 4.479833628598397510e-01 5.776279753186305044e+00
2.107345264831838278e+02 4.736423619345209168e-01 5.707887529584629860e+00
2.106112568062084733e+02 4.625362106565114040e-01 5.701332412664314120e+00
2.104605937385206857e+02 4.642682773724663980e-01 5.685369499816331107e+00
2.103184573214111310e+02 4.635684759207852612e-01 5.608142573502401973e+00
2.101928290113037576e+02 4.703421354871408777e-01 5.535278362883088832e+00
2.100953008681257757e+02 4.653888896638628259e-01 5.582621907272820039e+00
2.100191933916423750e+02 4.605030665718098382e-01 5.629035482955998759e+00
2.100141169249654638e+02 4.818563105351504894e-01 5.536496621888673531e+00
2.100805108783089565e+02 4.651552350263413738e-01 5.466683871087737678e+00
2.100718714690250692e+02 4.532237365212660740e-01 5.585257206095015192e+00
2.100815931293911945e+02 4.645751670456289006e-01 5.569280343716433990e+00
2.101604021649671381e+02 4.863166729439554192e-01 5.523531695658441265e+00
2.102538221713839448e+02 4.852971947493966987e-01 5.557007081711700103e+00
2.103255971561557089e+02 5.123534718056736992e-01 5.511600197153366132e+00
2.104126503643152546e+02 5.078256866656436497e-01 5.552526957467881275e+00
2.105233689511347848e+02 5.051996875305145851e-01 5.622779118482663208e+00
2.105607455559120353e+02 5.027480575278642227e-01 5.614520996368471906e+00
2.105763957667824400e+02 5.145574976402044198e-01 5.689791501015990960e+00
2.106159217617327215e+02 5.223087868093239106e-01 5.692282654688670007e+00
2.105423577496617327e+02 4.072623581216491817e-01 5.417973272699373233e+00
2.104781771218398490e+02 4.062428799270904611e-01 5.593600187853678740e+00
2.104552278190838877e+02 4.305964354299477992e-01 5.564094605716517705e+00
2.104644589209572985e+02 4.786421061931265819e-01 5.516399998140062877e+00
2.104719812053324404e+02 4.846427292721600111e-01 5.570506739948200448e+00
2.104718544970961602e+02 4.853053319755790129e-01 5.545661463491753373e+00
2.104490493394897328e+02 4.937924588837585560e-01 5.516055909718637906e+00
2.104268463366207698e+02 4.616004296455424316e-01 5.579986608450625774e+00
2.104413805850433050e+02 4.771646184105904909e-01 5.539077285049358146e+00
2.104273624692528983e+02 4.797964298501355418e-01 5.497775049869572328e+00
2.104293607395111110e+02 4.832628882038119689e-01 5.544695458497821861e+00
2.104563530812188219e+02 4.846194800544961767e-01 5.641767917009592459e+00
2.104825433249171169e+02 4.945050474051548295e-01 5.527836288308898283e+00
2.105049067473879632e+02 5.082720716447891585e-01 5.499142103868204678e+00
2.105387843449067873e+02 4.978575845922784682e-01 5.573609348045438061e+00
2.105845597295650862e+02 5.039337676287193313e-01 5.588324940365756888e+00
2.105893944043782824e+02 5.040407140299728583e-01 5.632727458721014102e+00
2.106161937775793831e+02 5.221925407210047387e-01 5.675644352067553022e+00
2.106269907142624618e+02 5.171660598620856364e-01 5.736399207666662114e+00
2.106529054547314388e+02 5.123662588753888913e-01 5.697513728663030186e+00
2.106523637479598676e+02 5.087637925983791165e-01 5.754584745723306582e+00
2.106351988505586803e+02 5.265494441112056334e-01 5.715961982879275816e+00
2.106359718870459972e+02 5.161605311981252164e-01 5.831166506247065229e+00
2.106371541097641966e+02 5.132985525037082608e-01 5.839146800210173183e+00
2.106413273443348544e+02 5.185482258522000620e-01 5.768962061926615981e+00
2.106670130800098661e+02 4.941586340619638085e-01 5.779298664099952632e+00
2.107083176401114031e+02 4.949479450016506799e-01 5.822959532411734251e+00
2.107937422405736072e+02 5.046603056807138499e-01 5.756673687930400796e+00
2.109266638302621004e+02 5.083139202365840603e-01 5.705614918557990300e+00
2.109622258336007121e+02 5.056809463361557899e-01 5.674512115167324566e+00
2.109828281278334998e+02 5.210079930810328497e-01 5.647265194526204013e+00
2.110301484230055564e+02 5.072374814587489178e-01 5.567987687214325021e+00
2.110665787846238857e+02 5.237874370527432211e-01 5.559080911927313906e+00
2.111135770781313283e+02 5.060796704190904105e-01 5.590647537210372775e+00
2.111377690515714107e+02 5.175171230488093688e-01 5.573688395385495653e+00
2.111134410702079833e+02 5.016646439847298744e-01 5.614115297520238634e+00
2.110826474814122378e+02 4.919034599485727077e-01 5.593431631025615580e+00
2.110648955412650309e+02 4.943446278032744279e-01 5.605937385206988033e+00
2.110961099409004760e+02 4.853878666982855972e-01 5.609826979322146023e+00
2.111519952478599009e+02 4.639427883251728835e-01 5.564379408632899704e+00
2.111312883321476193e+02 4.717289513207880702e-01 5.498192373326637572e+00
2.111317265799005725e+02 4.671139816145186696e-01 5.592958509446157578e+00
2.111805417997684344e+02 4.747466997735526051e-01 5.597860606990574972e+00
2.111873084845694848e+02 4.777772352960322766e-01 5.579662281864215423e+00
2.112023960643724365e+02 4.803741729090816315e-01 5.625758505726282444e+00
2.111953887501685472e+02 4.875942174545826457e-01 5.596251761128238300e+00
2.112588602768516921e+02 4.805880657115887966e-01 5.586333644872850002e+00
2.112975458125833939e+02 4.885916088923607514e-01 5.529427697257987440e+00
2.113190978373577593e+02 5.021063791203426163e-01 5.532209466151464028e+00
2.113244265580463264e+02 4.936669131083739059e-01 5.582174359832791311e+00
2.113245079303081582e+02 4.821155393121021593e-01 5.666241205983419071e+00
2.113608441325949343e+02 5.058123044159563708e-01 5.530100762109355195e+00
2.114397264032065209e+02 4.927299696365217141e-01 5.608108862136789163e+00
2.115192387276168233e+02 4.958395524990584224e-01 5.471667340893978881e+00
2.115782336174387694e+02 5.066585759389196086e-01 5.425921017757752374e+00
2.116196079251933213e+02 4.975216333970362004e-01 5.447907802902432373e+00
2.116764882986687439e+02 4.935285802632741192e-01 5.456761104988816946e+00
2.117484481147209294e+02 4.928229665071770516e-01 5.561193103352072065e+00
2.118058202091499709e+02 5.211405136217166501e-01 5.562764750466146602e+00
2.118611173109025003e+02 5.389773134134036026e-01 5.392188727849307917e+00
2.124862446003691900e+02 3.682617954905817448e-01 5.251426339503675322e+00
2.125653361139397646e+02 3.974163144410190474e-01 5.164364994117947916e+00
2.126062047512101287e+02 4.225370941267826419e-01 5.247668103468318357e+00
2.127370199617782873e+02 4.374689041713746285e-01 5.177400830462055126e+00
2.128613091169482061e+02 4.595045126731485685e-01 5.252816642719972506e+00
2.129883161056630456e+02 4.716580412069134032e-01 5.271302095684480271e+00
2.130852490688688192e+02 4.840591739087979906e-01 5.309957407433239851e+00
2.131990935130032767e+02 4.861237044373457050e-01 5.314994350440107596e+00
2.132748534136826208e+02 4.885032618652382363e-01 5.264378478664192507e+00
2.133520210544915301e+02 4.861062675240978015e-01 5.318132994824724236e+00
2.134489365807840500e+02 4.882812318365487014e-01 5.331099083515839610e+00
2.135237421010783123e+02 4.714673976220700169e-01 5.459571935404373910e+00
2.136279567192563889e+02 4.725903348352327726e-01 5.462499011908249713e+00
2.137059020463961474e+02 4.701514919022974914e-01 5.486356196613983549e+00
2.137942223369183523e+02 4.693412566667131691e-01 5.415541404531737157e+00
2.138650150422438401e+02 4.908979312846122878e-01 5.385637098311641502e+00
2.138774243121718825e+02 4.821701749736121423e-01 5.362763355513086694e+00
2.138946984808961247e+02 4.650750252254011730e-01 5.395808631039565206e+00
2.139218965781801387e+02 4.699945596830666372e-01 5.399236728184096279e+00
2.139385976536889586e+02 4.718777463138365547e-01 5.492939212595496556e+00
2.139117657315831309e+02 4.634371178409846248e-01 5.450729095465937313e+00
2.138766733624413519e+02 4.552685052147995015e-01 5.363253914005793987e+00
2.138916877072086606e+02 4.408086542887831860e-01 5.346288959876500435e+00
2.138781322508497453e+02 4.416247018287834392e-01 5.314694435532244299e+00
2.139170316793839959e+02 4.263057923100887492e-01 5.357612491339666327e+00
2.139246609101603838e+02 4.334479519764160016e-01 5.262401132701884698e+00
2.139435055635377978e+02 4.280180971910295118e-01 5.279934530203058252e+00
2.139617550369430035e+02 4.302930331394348440e-01 5.216215399351812110e+00
2.139707641087877334e+02 4.321471582481249407e-01 5.352823152500918447e+00
2.139401123402197413e+02 4.350986464305476309e-01 5.347229390731001786e+00
2.139430417416454020e+02 4.349591511245646802e-01 5.388453741031614008e+00
2.139385302309577241e+02 4.339733842956184362e-01 5.303692905733721652e+00
2.139256152905454655e+02 4.344116320485815752e-01 5.264322680541799748e+00
2.139021579923835645e+02 4.257001501899461138e-01 5.373595166022663072e+00
2.138937196888324763e+02 4.165945940919087986e-01 5.337029958941881702e+00
2.138682745825603035e+02 4.171479254723078345e-01 5.227835358340191974e+00
2.139281924663235088e+02 4.117622442004826300e-01 5.322070249836093225e+00
2.139668617276028613e+02 4.248469039016837256e-01 5.315444222801902541e+00
2.140359456154300517e+02 4.363262051231975858e-01 5.197583476316022022e+00
2.140616964489144891e+02 4.421559464524018601e-01 5.207713160452151158e+00
2.140926446450077094e+02 4.414201087133418078e-01 5.201076671270011609e+00
2.141288866879629609e+02 4.439170746904366749e-01 5.198033348677816967e+00
2.141197741570996129e+02 4.398670609733982273e-01 5.248369067380882491e+00
2.140802760612105544e+02 4.282273401500039656e-01 5.262210489117041590e+00
2.140642515379357462e+02 4.217756822482923718e-01 5.170652745035129172e+00
2.140287709068589947e+02 4.208608255332207948e-01 5.245228098074499634e+00
2.139923649569192037e+02 4.181860030409976781e-01 5.202407688981265821e+00
2.139991165297287807e+02 4.119180139588302647e-01 5.117539907282120382e+00
2.139874512347659561e+02 4.108357628765791913e-01 5.162915405396608648e+00
2.139466302583917923e+02 4.077459418490567700e-01 5.094520856873166359e+00
2.139002899177442600e+02 4.005270597644389197e-01 5.178521442753451609e+00
2.138721060536312848e+02 3.944683136412459601e-01 5.160681155579114332e+00
2.138486313185561301e+02 4.014837650713053430e-01 5.175796634443250888e+00
