2.509152378482176289e+02 7.899477616694423610e-01 1.762274301289576783e+01
2.508627833747417526e+02 8.686874891928541009e-01 1.655284694351161789e+01
2.508489923189632407e+02 9.201386044903122619e-01 1.593216525149934881e+01
2.506617966254402461e+02 8.363798108863225167e-01 1.501997729361764122e+01
2.504934702086802929e+02 6.803655773063587153e-01 1.488267762397502736e+01
2.503179473703370093e+02 5.594995950164268761e-01 1.427918384434069665e+01
2.501124750866846966e+02 4.242487327199424563e-01 1.395760982335435685e+01
2.500792288930752250e+02 3.688319636697882098e-01 1.351572496609968965e+01
2.500287390449668408e+02 3.813079604299196568e-01 1.353129749456229902e+01
2.500365656937960068e+02 3.618528225989934288e-01 1.352034587417296940e+01
2.500072726404018795e+02 3.849960411718131303e-01 1.333887000482340035e+01
2.500213264804652340e+02 3.855181969585278479e-01 1.334692531010820815e+01
2.500187225270975091e+02 3.737429582912423220e-01 1.340991618205149294e+01
2.500030760550049536e+02 3.807562271912341423e-01 1.332413360817611725e+01
2.500017848854670035e+02 3.839403536553180341e-01 1.330487868694314813e+01
2.499972549849382517e+02 3.859413820405711570e-01 1.310176236109973580e+01
2.500359582184363205e+02 3.707306085674502150e-01 1.314103894212830248e+01
2.500282771816783622e+02 3.742526005405847900e-01 1.305880793767803283e+01
2.500483511708120545e+02 3.762229138795606387e-01 1.313970795678961778e+01
2.500702464484305665e+02 3.838186310645152477e-01 1.305235436517687297e+01
2.501020660987796020e+02 3.616844586416214091e-01 1.318639710231978235e+01
2.500987955151481970e+02 3.897284334871360945e-01 1.305130777841483081e+01
2.501032230321893621e+02 3.827515676049544346e-01 1.303314381012185841e+01
2.501125274160228003e+02 3.765289267480274038e-01 1.280430078903541080e+01
2.500921235245401704e+02 3.687068282960657695e-01 1.269245024162503022e+01
2.500775088504836958e+02 3.663940990708129952e-01 1.270654503508340838e+01
2.500758115597783160e+02 3.553116553362273833e-01 1.267743285918402663e+01
2.500667608594752380e+02 3.569884693441086054e-01 1.260415017154922168e+01
2.500580161720406522e+02 3.469617131260181453e-01 1.255418475441614135e+01
2.500695684422238685e+02 3.227480183107179768e-01 1.261660114123460907e+01
2.500649077183498434e+02 3.495508777677669432e-01 1.254258015489484102e+01
2.500735636734285379e+02 3.540125226381267143e-01 1.239104463009983448e+01
2.500779809521209245e+02 3.180577169847380592e-01 1.242957153648037405e+01
2.500568103220757052e+02 3.459492541931726284e-01 1.221661046950792162e+01
2.500430033399768774e+02 3.224329046877986160e-01 1.226584896387910639e+01
2.500304010702487290e+02 3.212827968438583537e-01 1.220445299915362902e+01
2.500186804361081556e+02 3.449879870041226426e-01 1.209672964388747829e+01
2.500163904587690240e+02 3.312014816028248654e-01 1.215179034591967699e+01
2.500309118500923660e+02 3.449208689400351524e-01 1.206817375160400729e+01
2.500345783165424507e+02 3.381226053639846962e-01 1.211007476269782757e+01
2.500344793458377808e+02 3.411213039560979654e-01 1.194311345910575994e+01
2.500392242516904560e+02 3.408323550022296922e-01 1.192868876329847794e+01
2.500400239804879732e+02 3.387937860048598204e-01 1.185520130868849087e+01
2.500356863333970523e+02 3.382010993711378477e-01 1.180507549075818297e+01
2.500424186165033120e+02 3.368632884666138971e-01 1.180578534960548254e+01
2.500663046841583252e+02 3.398676750302599969e-01 1.183589747090033839e+01
2.500658337201153927e+02 3.329317625431148508e-01 1.180178670561789644e+01
2.500704682793203517e+02 3.128554982208024970e-01 1.182828013942355838e+01
2.500633526269327831e+02 3.361648055623810971e-01 1.180422343262256391e+01
2.500671283024362594e+02 3.360317070285126495e-01 1.179424445536534982e+01
2.500661909247276640e+02 3.281709303701276781e-01 1.176347935493852503e+01
2.500385735477471201e+02 3.192283015261965229e-01 1.164943325051646816e+01
2.500150207952239327e+02 3.151363748054713532e-01 1.152202837615238273e+01
2.499958193409233616e+02 2.861311327709066821e-01 1.156462900774474178e+01
2.499626937323104130e+02 3.118612407968620603e-01 1.144941231878122778e+01
2.499579852294755256e+02 3.143184444990489435e-01 1.138612112194100945e+01
2.499494475842047336e+02 2.842768540512008446e-01 1.154059846561279912e+01
2.499567850674820875e+02 3.145539265205085644e-01 1.157762943548020118e+01
2.499383310126409583e+02 3.259639974153857311e-01 1.145776567377435562e+01
2.499297125981743761e+02 3.019584823581875077e-01 1.143384775347876392e+01
2.496179446401106645e+02 2.649548147541431198e-01 1.144271871388137995e+01
2.496671899600476934e+02 2.650958764481575747e-01 1.137672686815736967e+01
2.496843608085110304e+02 3.121843175799273729e-01 1.116537322194009896e+01
2.497150417269591571e+02 3.272665428964061096e-01 1.132802645589319290e+01
2.497254723291560765e+02 3.253064679061894449e-01 1.149316647100044619e+01
2.497298088386527297e+02 3.316906471546491320e-01 1.153635751403791332e+01
2.497274426424950491e+02 3.385685423321593279e-01 1.145217781054049411e+01
2.497258249833911350e+02 3.332832791838443165e-01 1.149709913451825116e+01
2.497166389093655994e+02 3.447024508331740789e-01 1.132523138668195628e+01
2.497209378782501119e+02 3.475316478736087400e-01 1.137238808347212071e+01
2.497476406294081812e+02 3.444635560287948040e-01 1.133880174916500572e+01
2.497371884129194370e+02 3.571136047178311013e-01 1.115064251326434963e+01
2.497413758975619089e+02 3.502140952484961156e-01 1.114562344718377140e+01
2.497498134345337348e+02 3.455499585915672300e-01 1.109556247212893965e+01
2.497734935976192503e+02 3.391248259480710847e-01 1.122774979295783560e+01
2.497665269700858062e+02 3.524801831071796010e-01 1.102091012094902744e+01
2.497844349796598067e+02 3.444669688117145134e-01 1.116039738444317031e+01
2.497645464183980835e+02 3.571716220274660514e-01 1.091219250825893461e+01
2.497452073151864340e+02 3.577358688035238155e-01 1.077318303437354885e+01
2.497491240523839338e+02 3.582341351098006221e-01 1.070426984647027169e+01
2.497437637080113859e+02 3.490662625931689744e-01 1.080235208998825946e+01
2.497656805999217227e+02 3.499717876611971312e-01 1.076590129321720823e+01
2.497443154412500803e+02 3.536575932144774836e-01 1.060460065889462200e+01
2.497381735695889233e+02 3.482961112476224419e-01 1.060805325761505635e+01
2.497548256750484654e+02 3.501082989779852883e-01 1.052688021586989642e+01
2.497565525432058280e+02 3.465226017236828771e-01 1.048913483677796954e+01
2.497568983718750246e+02 3.266738562626841924e-01 1.054597246111702624e+01
2.497634486398922604e+02 3.451802404419326287e-01 1.069151741429364577e+01
2.497486872161702252e+02 3.548884702541840741e-01 1.051440876948699099e+01
2.497282218945950660e+02 3.543276362610460195e-01 1.038890254002056857e+01
2.497321318062267324e+02 3.429721698928840934e-01 1.055634390841000680e+01
2.497220367943502595e+02 3.371567877977084127e-01 1.054179635241761481e+01
2.497318712971305388e+02 3.435204903486498984e-01 1.056767093492050513e+01
2.497450036858055569e+02 3.379974699902622004e-01 1.055936308369963861e+01
2.497442687998835140e+02 3.411884220201854556e-01 1.047347698874236599e+01
2.497387253028276177e+02 3.176845860521837484e-01 1.052315800729880557e+01
2.497294357077201710e+02 3.499160455401753023e-01 1.042336709713235265e+01
2.497237511489702513e+02 3.241904878914462218e-01 1.040396770142244876e+01
2.497186296994020722e+02 3.418027229457322180e-01 1.042509169010110881e+01
2.497345890099289250e+02 3.186617795615256377e-01 1.049331435826029946e+01
2.497219799146349146e+02 3.493119829633876683e-01 1.023418402635578417e+01
2.497290295865527128e+02 3.504802923162330108e-01 1.027382805034537405e+01
2.497275905297549059e+02 3.145027347767129777e-01 1.033123560943202257e+01
2.497241072159881980e+02 3.413442724401852812e-01 1.030788193591248714e+01
2.497161963851803250e+02 3.416605236574111748e-01 1.025994712461663028e+01
2.497278043974845616e+02 3.406002857636898362e-01 1.033211952020822544e+01
2.497303981125035364e+02 3.223896761041490366e-01 1.031937846397466352e+01
2.497427171212493420e+02 3.400155622901138708e-01 1.045879178383887975e+01
2.497400608385435135e+02 3.431268827185773862e-01 1.037768130978058068e+01
2.497280728697409131e+02 3.217128074917410818e-01 1.039261337264859186e+01
2.497041151336445921e+02 3.393034282542022884e-01 1.033282141589537773e+01
2.497051344181432739e+02 3.412805671590175005e-01 1.021600868211974777e+01
2.496892012722854588e+02 3.122889762561316118e-01 1.038605741665984183e+01
2.496924604799737892e+02 3.302868557803441685e-01 1.037980178556802358e+01
2.496782564774619857e+02 3.175423867638627051e-01 1.032582407331567786e+01
2.496448931116389645e+02 2.942478681482694758e-01 1.037188071641138976e+01
2.496167444781172264e+02 3.207833929432750142e-01 1.030353518806709090e+01
2.495950152892674794e+02 2.968302072241789102e-01 1.023826343953913742e+01
2.495524066945149855e+02 3.175002957745197141e-01 1.022113354447083644e+01
2.495480519835094242e+02 2.976356239932290149e-01 1.025165975009328356e+01
2.493124436890818174e+02 2.555036812551760295e-01 1.022787037795433207e+01
2.493393796470727466e+02 2.585080678188221848e-01 1.026474891018465385e+01
2.493664498411918373e+02 3.089865399841646987e-01 1.014372138950318991e+01
2.493806606692694743e+02 3.149691484424058663e-01 1.029372229957863460e+01
2.493921526469544290e+02 3.131137321283934405e-01 1.044449108581101449e+01
2.493930365577306247e+02 3.045203447365786853e-01 1.048507476269782757e+01
2.493935336864425949e+02 3.025250043228583374e-01 1.047087758575185923e+01
2.494282792293481066e+02 3.069331822608094007e-01 1.067033654589965508e+01
2.494123335699529491e+02 3.079501915708812154e-01 1.050619192581064887e+01
2.494039256104331059e+02 3.049662817047533170e-01 1.057362282833246958e+01
2.494252793931617020e+02 3.127349132243062990e-01 1.058943311400515164e+01
2.494167747381257811e+02 3.197527325015243616e-01 1.047424486489929940e+01
2.494095987932399510e+02 3.162375660942292055e-01 1.051214040643969305e+01
2.494217562635942613e+02 3.058399541321975557e-01 1.062853450551050649e+01
2.494274886013050434e+02 3.062802031288393567e-01 1.074224729480073925e+01
2.494272963478672409e+02 3.157358870050327448e-01 1.065228747463164716e+01
2.494128056715901778e+02 3.200894604162685120e-01 1.069083372011539801e+01
2.493819734530992491e+02 3.169519753187539091e-01 1.055458177482913307e+01
2.493624011430547682e+02 3.202509988078011682e-01 1.060975851148060123e+01
2.493535745488300961e+02 3.163024089697035746e-01 1.068748464247686059e+01
2.493199552242880941e+02 3.179303064224024422e-01 1.056309439302518172e+01
2.492869399623228901e+02 3.179701222231323121e-01 1.057209731436736178e+01
2.492980201308688493e+02 3.231370755635642467e-01 1.061284139205140065e+01
2.492805853605263735e+02 3.283677341851639619e-01 1.050075991299678790e+01
2.492576173314767800e+02 3.258775402480865724e-01 1.049258288512117687e+01
2.492585274069220418e+02 3.166562007990462169e-01 1.068639141434825035e+01
2.492462288748737365e+02 3.250095557921751643e-01 1.053127474267616748e+01
2.492567288703233430e+02 3.411292671162439172e-01 1.065324305384916492e+01
2.492391769277673177e+02 3.283711469680836714e-01 1.044292120566795035e+01
2.492362328337019051e+02 3.176288439311619194e-01 1.059040461954296042e+01
2.492208593842429423e+02 3.149338830189022942e-01 1.067710409442942776e+01
2.492198059719150649e+02 3.155641102647409602e-01 1.064210828077647619e+01
2.492229889607848463e+02 2.913231131860831158e-01 1.070451556684049166e+01
2.492010766192517224e+02 3.171408159736442411e-01 1.064689869040143400e+01
2.491851241342907315e+02 3.282562499431203040e-01 1.056162120839817575e+01
2.491830639510015430e+02 3.214978021677997178e-01 1.051028157734276114e+01
2.491838318271584853e+02 3.204034364448812844e-01 1.063393807846670569e+01
2.491741008454600887e+02 3.285656755945067786e-01 1.060232660787579206e+01
2.491501362837979343e+02 3.052267908009573816e-01 1.055746671399058911e+01
2.491306982098815865e+02 3.252200107388902306e-01 1.054937728087658400e+01
2.491042320783392938e+02 3.357018046796079180e-01 1.043618209699584121e+01
2.491267063914598623e+02 3.361943830143518941e-01 1.040667972624930648e+01
2.491408421383132747e+02 3.126291169537954717e-01 1.051604349250552950e+01
2.491300406803723888e+02 3.448662644133198563e-01 1.042359006561643930e+01
2.491157172304584151e+02 3.464759603571135882e-01 1.031075322394226568e+01
2.490908778587744905e+02 3.406298632156605777e-01 1.036209171740337354e+01
2.490617474813662113e+02 3.307919476524603941e-01 1.031104558567905194e+01
2.490508231632402385e+02 3.259059801057507810e-01 1.023190428736542223e+01
2.490211183007071156e+02 3.113322594443079239e-01 1.010720233707374405e+01
2.490137967437500492e+02 3.300695752677896833e-01 1.016544944075863910e+01
2.490001148970249574e+02 3.308238002930443122e-01 1.013893666784976411e+01
2.489910698846934451e+02 3.071117845669406043e-01 1.018907727450605627e+01
2.489773527725448332e+02 3.298204421146512799e-01 1.013831099098115196e+01
2.489678970886686500e+02 3.296384270256004223e-01 1.011313034100527020e+01
2.489432511080168524e+02 3.303585242216579565e-01 1.000498721343999442e+01
2.489305350788580427e+02 2.985809648619870416e-01 1.021361063332150287e+01
2.489167815636916430e+02 3.394956816920122744e-01 9.974529263475941931e+00
2.488849311982963286e+02 3.208038696407932155e-01 1.001788525768786187e+01
2.488544152310226423e+02 3.401793758702596482e-01 9.903169110219236515e+00
2.488437059182206212e+02 3.158587471901420640e-01 9.952519088832463723e+00
2.485325124452817249e+02 2.567755116899190782e-01 9.859692531010820105e+00
2.485803471482786051e+02 2.660082270820250949e-01 1.005328833010256595e+01
2.486052684267525876e+02 3.243042473221030009e-01 9.798071322612644352e+00
2.486246803359998410e+02 3.291765637371338316e-01 1.004559022943002056e+01
2.486471739882236136e+02 3.324619360945022528e-01 1.022415613254338851e+01
2.486526298905179146e+02 3.456568924563846457e-01 1.008674270347011692e+01
2.486773543651768819e+02 3.513698910639692086e-01 1.002639218791237852e+01
2.486699053976574589e+02 3.479809976247030812e-01 9.911157297439958214e+00
2.486859022487964239e+02 3.476351689555063906e-01 9.850029804970832359e+00
2.486782906052911812e+02 3.442212484414958196e-01 9.895731518642895352e+00
2.486689771207033175e+02 3.412009355575577052e-01 9.917908919649438104e+00
2.486695208907818540e+02 3.372421073707010386e-01 1.002988460243354218e+01
2.486621959210418424e+02 3.417970349741993874e-01 1.004722609004286404e+01
2.486204291460762192e+02 3.462541294673328607e-01 9.858531047223815236e+00
2.485990844641020772e+02 3.396185418771215936e-01 9.910949117681855824e+00
2.485730108025955474e+02 3.354867993556666095e-01 9.976189013569225494e+00
2.485557250571072245e+02 3.395684877276325953e-01 9.884625185427871941e+00
2.485490473785276890e+02 3.380736888088022307e-01 9.967097359871132767e+00
2.485488744641930907e+02 3.429346292807674002e-01 9.732825738753742684e+00
2.485103566585669910e+02 3.380998534778533182e-01 9.653957463073687961e+00
2.485069745906935736e+02 3.358360408077829540e-01 9.855414038823818501e+00
2.484871463219300836e+02 3.191065789353937365e-01 9.805417906644461112e+00
2.484715066754033899e+02 3.401475232296757301e-01 9.718761660341641573e+00
2.484724099252828182e+02 3.373149134063213594e-01 9.828881926811732228e+00
2.484597109600385920e+02 3.374309480255913152e-01 9.732136356603962923e+00
2.484850656619433664e+02 3.144094520435744000e-01 9.826002675621808180e+00
2.484674989306613497e+02 3.471096003858719636e-01 9.656008545608431248e+00
2.484797712980406175e+02 3.380236346593132324e-01 9.807630527570735168e+00
2.484959899800693393e+02 3.400929187029604894e-01 9.704976292534650995e+00
2.485077868330284616e+02 3.116121076437236570e-01 9.671917801985784990e+00
2.485151686824837896e+02 3.512026647009037217e-01 9.618431530473875668e+00
2.484856845132461558e+02 3.266442788107133954e-01 9.601314148942947213e+00
2.485056436053548907e+02 3.380406985739117798e-01 9.676381722044757439e+00
2.484850099198223461e+02 3.164798736815281899e-01 9.783100581538208829e+00
2.485054069857391141e+02 3.374445991572701531e-01 9.715102019457413363e+00
2.484961196658202880e+02 3.401668623328873986e-01 9.705072988050709171e+00
2.484719230349195982e+02 3.488523948635341987e-01 9.630149889425833720e+00
2.484799794777987074e+02 3.232394590511553645e-01 9.605896378809802627e+00
2.484679403172522996e+02 3.182420072624020380e-01 9.783378154549012606e+00
2.484440007826648866e+02 3.425865254229575885e-01 9.831699747909102172e+00
2.484289674739035831e+02 3.316428681937732548e-01 9.951449750184290011e+00
2.483996971723956051e+02 3.265748855580127841e-01 9.830978513118736828e+00
2.483655443161238168e+02 3.229835003321775422e-01 9.980905479564256666e+00
2.483588040698573991e+02 3.189074999317443315e-01 9.949329274396847111e+00
2.483409791046677810e+02 3.211258088295519952e-01 9.891242571509177850e+00
2.483617037977448376e+02 2.923310217417023904e-01 1.010178511298586734e+01
2.483574844604617624e+02 3.204239131423994857e-01 1.015800047323923216e+01
2.483457592759439763e+02 3.242155149661907210e-01 1.013023407140451937e+01
2.483410996896642757e+02 3.211383223669242448e-01 1.021924400032762748e+01
2.483396674584323023e+02 3.004796097596491022e-01 1.024306863789008126e+01
2.483255021341269071e+02 3.282858273950910455e-01 1.015800957399368443e+01
2.483259275943975695e+02 3.241756991654607956e-01 1.027990280394244671e+01
2.483273848527042844e+02 3.342672982590256803e-01 1.018431644233306876e+01
2.483601998980715564e+02 3.357438956689509646e-01 1.020148956598501933e+01
2.483315950892329056e+02 3.145414129831363148e-01 1.017252072696826559e+01
2.483112969940208075e+02 3.385662671435462068e-01 1.012877112512627242e+01
2.483120637325834252e+02 3.100410899063532622e-01 1.028478763389484918e+01
2.482910808055987957e+02 3.329681655609250113e-01 1.023586652833519928e+01
2.483004864353254959e+02 3.313607448057444005e-01 1.016776444517250511e+01
2.482965344327044761e+02 2.980258188403818731e-01 1.000050281668350394e+01
2.479397586934956905e+02 2.689295692612917454e-01 1.007323035829670310e+01
2.479460973689718912e+02 2.780166725821570650e-01 9.943347803532912366e+00
2.479771457303810394e+02 3.220267835203538542e-01 9.900934875001137669e+00
2.479928342934629200e+02 3.258968793512982409e-01 1.005277186228738451e+01
2.479844126828114099e+02 3.301139414457458510e-01 1.010241078985447949e+01
2.479857402553671761e+02 3.373706555273432439e-01 1.004987895996578118e+01
2.479931937732638119e+02 3.431712488965334984e-01 9.985700439566439712e+00
2.479529013205194587e+02 3.447411290395973604e-01 9.804843421519644053e+00
2.479458391350642898e+02 3.373808938761023168e-01 9.741865063113731793e+00
2.479233978121786208e+02 3.312412974035547353e-01 9.811200298504745732e+00
2.479122072969849171e+02 3.287317643632657327e-01 9.703669196676404596e+00
2.479186699702405292e+02 3.320592277099771450e-01 9.737924436435781317e+00
2.479092609277309123e+02 3.334641566785886413e-01 9.655850419999817191e+00
2.478884270256004356e+02 3.419460598283597941e-01 9.431750029577452565e+00
2.479114906125717823e+02 3.387175671863197346e-01 9.463420655072305010e+00
2.479060836268326682e+02 3.389553243963924767e-01 9.523115916309462747e+00
2.478997574648938382e+02 3.358804069857391217e-01 9.554851384679789561e+00
2.479239518206059358e+02 3.287920568615138039e-01 9.722649957681491983e+00
2.479140160719323660e+02 3.416616612517177631e-01 9.519373231040853867e+00
2.479203831872662249e+02 3.344845787715801655e-01 9.582480137603408110e+00
2.479148988451142657e+02 3.169485625358341996e-01 9.680442933719206167e+00
2.479072940271748564e+02 3.508625240032398618e-01 9.643947770770196826e+00
2.479376621071886859e+02 3.343639937750839675e-01 9.823242871834075629e+00
2.479454762424805097e+02 3.584991945832309290e-01 9.784390613481857457e+00
2.479623661051501244e+02 3.515211911067427364e-01 9.743252928167745353e+00
2.479825117627251245e+02 3.521593815127274096e-01 9.855741665984110611e+00
2.479898663099170903e+02 3.556404200908255264e-01 9.690523156869703669e+00
2.480087731272922440e+02 3.363308943311400512e-01 9.803461244437164268e+00
2.480009453408687534e+02 3.610838088477534846e-01 9.784185846506675333e+00
2.480018520035310985e+02 3.643612180449759541e-01 9.792470945841410312e+00
2.480024196630900803e+02 3.364082507439866698e-01 9.891872798755017016e+00
2.479905113258889173e+02 3.570203219846925236e-01 9.814591467132625979e+00
2.479788202692003267e+02 3.496726003585697296e-01 9.717699147259308390e+00
2.479601113932345129e+02 3.278615047187412035e-01 9.804775165861249420e+00
2.479545940608476542e+02 3.518658821816328386e-01 9.751309371046859908e+00
2.479167337847307522e+02 3.288648628971341803e-01 9.896728051255449188e+00
2.478830871579253881e+02 3.564185345965180662e-01 9.644422147596035444e+00
2.478999906717266981e+02 3.534915044457185296e-01 9.714626505037267989e+00
2.478978792966937021e+02 3.551967583112640159e-01 9.661840991618205976e+00
2.479019803241688749e+02 3.513494143664509517e-01 9.776243163058216723e+00
2.478811168445864155e+02 3.248525677778688059e-01 9.695741301953932023e+00
2.478861370482613040e+02 3.498807801166716747e-01 9.730459542596081590e+00
2.478750159263202875e+02 3.499285590775475518e-01 9.701661342725312664e+00
2.479100367670479841e+02 3.467182679444125726e-01 9.666450523748418178e+00
2.479064851976228852e+02 3.275998580282305506e-01 9.671210218327098929e+00
2.478798199870769281e+02 3.566187511944740041e-01 9.541254857527688316e+00
2.478841053048297738e+02 3.234146485743668031e-01 9.572853814581229415e+00
2.478753674429610214e+02 3.486123624648483355e-01 9.640338184035456948e+00
2.478505792630209044e+02 3.459356030614937905e-01 9.540177555719369096e+00
2.477753035101609953e+02 3.119317716438692600e-01 9.515826211992974848e+00
2.477541920350197131e+02 3.349589555974190058e-01 9.617411108380885310e+00
2.477068737998380072e+02 3.129954223205103636e-01 9.560101382404601722e+00
2.476928154093974399e+02 3.368837651641320985e-01 9.477884029086011353e+00
2.476638249560888596e+02 3.402146412937632758e-01 9.640417815636915577e+00
2.476396499394799946e+02 3.393762342898226092e-01 9.486064469744542649e+00
2.476114922052038025e+02 3.010779843649038501e-01 9.677208753105633221e+00
2.475687709886149435e+02 3.305462272822417003e-01 9.642603134299832845e+00
2.474814264977566722e+02 3.090400069165734065e-01 9.654746953522446162e+00
2.473996061648510647e+02 3.305928686488109891e-01 9.631012185910211798e+00
2.473505474103803294e+02 3.082232142044575296e-01 9.625844094975473553e+00
2.468692016818194190e+02 2.888010666084218636e-01 9.390382550213413282e+00
2.469196153111092826e+02 2.995740846916209454e-01 9.514450860476333816e+00
2.469801831071795846e+02 3.428311081988696940e-01 9.510211046495754772e+00
2.470092566048725473e+02 3.543401497984182691e-01 9.718257706063832657e+00
2.470045378636889097e+02 3.535881999617768168e-01 9.681383724210737896e+00
2.470164587144274151e+02 3.594354346975364156e-01 9.672686815737025157e+00
2.470526831299314665e+02 3.734016799992719293e-01 9.533718295246675467e+00
2.471080077538427986e+02 3.747736187329929747e-01 9.462012313320773416e+00
2.471350165178693317e+02 3.765801184918229905e-01 9.620265332496064303e+00
2.471347582839617303e+02 3.780794677878795973e-01 9.567664109354666380e+00
2.471508552433996897e+02 3.726849955861341046e-01 9.533162011630764709e+00
2.471385771880488846e+02 3.764060665629180846e-01 9.506347776230649416e+00
2.471535945704899007e+02 3.843259981252445945e-01 9.470757000755362753e+00
2.471864380557148309e+02 3.891243709103484605e-01 9.576568059992172977e+00
2.471986671945104206e+02 3.926770779297603653e-01 9.555263193818767320e+00
2.471988253201190275e+02 3.906623984128284044e-01 9.563732583431166390e+00
2.471897837205704320e+02 3.936554090334088429e-01 9.603566585669952360e+00
2.471938927112057627e+02 3.935791902148688126e-01 9.451050454582684779e+00
2.471822289567805058e+02 3.896158116507858482e-01 9.446804952630573737e+00
2.471919326362155402e+02 3.975152665155941567e-01 9.426749165005778863e+00
2.471766058281231437e+02 3.835035174415958870e-01 9.518397175125818066e+00
2.471556217635441897e+02 3.562023916782701138e-01 9.569155495490576868e+00
2.471551041581347192e+02 3.661881945013241713e-01 9.621076437236647294e+00
2.471363463656137185e+02 3.729398167108053386e-01 9.509246366523784744e+00
2.471362928986812904e+02 3.761956116162029629e-01 9.493467933491686495e+00
2.471194906307732992e+02 3.467546709622227885e-01 9.521209308251654235e+00
2.471134750320801459e+02 3.716896005678870796e-01 9.532075609067991451e+00
2.471167478909001431e+02 3.782546573110910915e-01 9.527760713863179021e+00
2.470928072187184341e+02 3.463906407841210178e-01 9.564696125808829663e+00
2.470964304565848408e+02 3.637582930624949085e-01 9.488426115524976723e+00
2.470436961349095952e+02 3.468513664782810757e-01 9.542986276062285000e+00
2.469889710231978199e+02 3.709774665319754972e-01 9.433270993165333351e+00
2.469620771561962442e+02 3.682324514702268736e-01 9.311671262547665862e+00
2.469430952575968661e+02 3.368940035128912269e-01 9.411497438137621074e+00
2.469610919995267579e+02 3.660403072414702974e-01 9.438611998434669914e+00
2.469647345764963973e+02 3.745654389748910296e-01 9.361247622427899984e+00
2.469688071641139118e+02 3.602215123633749072e-01 9.308817038432486868e+00
2.469644433523538964e+02 3.769714509332823815e-01 9.373154822034747369e+00
2.469597462254620837e+02 3.483427526141917308e-01 9.492233643669059973e+00
2.469298240824164452e+02 3.761830980788307133e-01 9.340727696326025509e+00
2.469310435835130590e+02 3.832680354201363215e-01 9.413076419035137476e+00
2.469339444489948221e+02 3.790009191761997132e-01 9.515038996732828380e+00
2.469226231104558451e+02 3.511662616830935058e-01 9.460424231668804751e+00
2.469237971077802456e+02 3.758952867192690284e-01 9.372731636952703838e+00
2.469354415231022699e+02 3.536496300543314764e-01 9.388081196931224781e+00
2.469305714818758588e+02 3.875055742121021884e-01 9.311897643814672776e+00
2.469411920623219601e+02 3.909172195374996384e-01 9.236610515011694389e+00
2.469563038650904048e+02 3.594240587544707544e-01 9.292795160218782158e+00
2.469474852340258906e+02 3.829005924591148413e-01 9.346761496528062096e+00
2.469507831199206294e+02 3.819700403163422409e-01 9.256533204102620260e+00
2.468926600140151493e+02 3.503847343944813120e-01 9.216563828141353554e+00
2.468326200617031247e+02 3.596845678506748190e-01 9.335176236109973047e+00
2.467505005414948869e+02 3.317429764927512514e-01 9.317474131105468516e+00
2.467303787734003038e+02 3.354185436972725309e-01 9.177881071340813435e+00
2.467223052666066110e+02 3.362774273987313434e-01 9.341980187657556556e+00
2.467255019066080592e+02 3.132331795305831057e-01 9.395254866628443224e+00
2.467344547738007350e+02 3.393091162257351190e-01 9.455780571709395232e+00
2.467135526160118673e+02 3.297089578726076220e-01 9.359972379210237392e+00
2.466920134054113021e+02 3.470686469908355609e-01 9.580234526442241716e+00
2.466454983118100586e+02 3.274610715228292168e-01 9.588157870787489045e+00
2.462166901011093785e+02 3.063370828441677740e-01 9.402039479072815453e+00
2.462768927294072796e+02 3.155663854533540813e-01 9.411778423931343340e+00
2.462896007954059314e+02 3.646751940735887265e-01 9.305646563100081536e+00
2.463141079895523262e+02 3.696453435989843772e-01 9.591048497920477089e+00
2.463268911367752310e+02 3.784799009837915840e-01 9.505898426479555852e+00
2.463382977948871826e+02 3.721537390449668470e-01 9.556411026474094683e+00
2.463476977366423739e+02 3.766005951893411918e-01 9.550080314158043038e+00
2.463699468060902120e+02 3.792011357741556510e-01 9.447097314367361776e+00
2.463706862423894961e+02 3.810793039742994548e-01 9.353151363748054337e+00
2.463824284908218942e+02 3.803535188067090900e-01 9.300465958627970764e+00
2.463819939297967778e+02 3.750375406121167488e-01 9.430149434388111374e+00
2.463827345036903580e+02 3.822066599321083946e-01 9.453722663608813193e+00
2.464013136939052231e+02 3.895339048607129318e-01 9.414907945868712602e+00
2.464066467360144088e+02 3.785731837169301062e-01 9.460239941391140661e+00
2.464171296675494318e+02 3.837389994630555079e-01 9.530014288184490923e+00
2.464255615165497204e+02 3.883007526323932201e-01 9.441036211901966624e+00
2.464068890436017227e+02 3.900970140424641075e-01 9.501084127374159749e+00
2.464203399586825753e+02 3.871199297421756280e-01 9.570691247804443691e+00
2.464530264558931947e+02 3.912573602351634983e-01 9.526763043656318430e+00
2.464415333406139439e+02 3.765710177373704504e-01 9.793866774055569380e+00
2.464103848709058013e+02 3.690628953140215329e-01 9.853786141371120522e+00
2.463751274105623281e+02 3.733584514156223499e-01 9.673455829488265323e+00
2.463497055905934587e+02 3.740375952166434814e-01 9.684843148497011001e+00
2.463166414120730678e+02 3.521195657119975397e-01 9.825619306340495740e+00
2.463288921651604824e+02 3.710229703042381977e-01 9.785703397311637630e+00
2.463268433578143686e+02 3.768861313602897556e-01 9.781092727587116897e+00
2.463567700512372483e+02 3.792568778951775355e-01 9.835874719014206846e+00
2.463540580264103994e+02 3.867160837633439874e-01 9.800096240478335829e+00
2.463408926475004819e+02 3.866887814999863671e-01 9.810449486262411867e+00
2.463444817575376931e+02 3.910184654307842234e-01 9.733865499949946098e+00
2.463243816037349632e+02 3.881198751376488953e-01 9.674468288421110174e+00
2.463124414138932252e+02 3.862144046741474712e-01 9.699271257087213272e+00
2.463028059901165818e+02 3.821497802167799773e-01 9.674192990598919906e+00
2.462816763134663915e+02 3.899821170175007401e-01 9.645912396137639178e+00
2.462684290277663877e+02 3.631428545426415577e-01 9.604601796488928755e+00
2.462790473330238967e+02 3.902130486617340632e-01 9.631679953768166769e+00
2.462984717558085492e+02 3.984662953558850140e-01 9.537996787433678847e+00
2.462917963524176059e+02 3.999929469152992967e-01 9.503609586734739878e+00
2.462962284198360123e+02 3.746814735941609298e-01 9.529158817265951598e+00
2.463138838834739488e+02 3.988360135055196154e-01 9.495098106132997984e+00
2.463092561498348232e+02 4.020758820906253361e-01 9.423881289758920587e+00
2.463312890763644418e+02 3.675771971496437085e-01 9.493051573975481716e+00
2.463138804706910321e+02 3.926349869404173742e-01 9.466142918247923532e+00
2.463325427052902796e+02 3.662007080386964208e-01 9.502836022606274469e+00
2.463467398822362497e+02 3.933789736169128193e-01 9.426684322130304494e+00
2.463288591749256113e+02 3.757417114878823239e-01 9.433606583485770969e+00
2.463003374104713146e+02 3.951649966782246337e-01 9.354457322011993980e+00
2.462642358551523785e+02 3.873997779415913612e-01 9.248682665792994584e+00
2.462207752022642637e+02 3.465351152610551266e-01 9.332583658685305039e+00
2.461905208816810955e+02 3.732594807109509416e-01 9.152912013905952548e+00
2.461701101646326606e+02 3.529602479045512720e-01 9.233694860803961291e+00
2.461571586534523703e+02 3.925621809047969979e-01 9.164976201527107236e+00
2.461640240350924955e+02 3.951467951693195535e-01 9.229386791164987613e+00
2.461614280448849286e+02 3.691027111147514028e-01 9.140988887978814148e+00
2.461809275488938056e+02 3.881778924472839010e-01 9.147532330430193426e+00
2.461779811796398008e+02 3.771659795597054887e-01 9.092982408241642389e+00
2.461716948335017037e+02 3.989031315696071056e-01 9.089121413165150543e+00
2.461538016126536945e+02 3.720820706036530590e-01 9.111249897616511717e+00
2.461525491213221528e+02 3.768838561716766344e-01 9.150426370346101734e+00
2.461456609877958783e+02 4.000566521964670774e-01 9.116017555355339752e+00
2.459664910221057426e+02 3.013396310554145030e-01 9.023501560779388697e+00
2.460161925173596842e+02 3.144322039297057780e-01 9.104904396574475811e+00
2.460303168882700504e+02 3.764868357586844128e-01 8.922664063850893612e+00
2.460551050682101675e+02 3.922334161501988548e-01 9.048832373203739010e+00
2.460834027265860300e+02 3.841576341678725193e-01 9.152640128866682545e+00
2.461033572683175521e+02 3.985356886085856254e-01 9.029015480383323577e+00
2.461046893912505311e+02 3.922823327053812648e-01 9.059963733493507476e+00
2.461357047624248082e+02 3.861757264677241896e-01 9.137372475678233741e+00
2.461214916591585506e+02 3.923767530328264308e-01 8.991722863825410528e+00
2.461173519534769412e+02 3.835535715910848853e-01 9.098008299888061146e+00
2.461490601195839076e+02 3.848049253283097326e-01 9.183455283442997441e+00
2.461763419062440335e+02 3.940012377026055335e-01 9.147584659768295268e+00
2.461976058190223853e+02 3.971887769496091347e-01 9.176525058927385459e+00
2.461840832355002249e+02 3.934096886631902046e-01 9.182747699784311379e+00
2.461608706236746968e+02 3.863111001902057584e-01 9.319299969967509867e+00
2.461269691757446765e+02 3.787551988059810193e-01 9.254710778023497397e+00
2.460987591121304092e+02 3.763457740646699579e-01 9.240605746216361993e+00
2.460740243991226919e+02 3.708364048379610423e-01 9.322232688089842512e+00
2.460640647609686766e+02 3.755119174379555891e-01 9.292287793158052978e+00
2.460383915326580677e+02 3.720445299915363102e-01 9.297611734512791770e+00
2.460217894813480086e+02 3.695736751576705892e-01 9.239804879824538020e+00
2.460051100736251044e+02 3.654635469280403393e-01 9.348335927048351479e+00
2.460183152683357548e+02 3.636593223578234446e-01 9.368452007171393703e+00
2.460087378618687524e+02 3.476783975391559700e-01 9.430289358487819129e+00
2.459882987049626308e+02 3.753583422065689401e-01 9.401221548766391933e+00
2.459853739500004508e+02 3.802989142799937938e-01 9.411301771916891212e+00
2.459735725466641156e+02 3.904599066262592899e-01 9.244173241961759047e+00
2.459904225935329976e+02 3.724278992728496940e-01 9.362547892720305853e+00
2.459780887960612006e+02 3.823044930424732146e-01 9.254562890763644134e+00
2.459991274651668505e+02 3.808995640738617183e-01 9.363328282414611792e+00
2.459952744332505290e+02 3.768383523994139339e-01 9.437472128939489835e+00
2.459775450259826641e+02 3.575458905543269506e-01 9.305949163185628592e+00
2.459670620944476411e+02 3.768281140506548055e-01 9.389678379337647485e+00
2.459517705517787363e+02 3.777791428909456628e-01 9.350751039761195926e+00
2.459359170375224153e+02 3.670766556547537807e-01 9.349764745497401108e+00
2.459188690492441935e+02 3.608892802213303219e-01 9.255858610678824760e+00
2.459109548056533754e+02 3.798848299524030803e-01 9.391181141416623745e+00
2.459134984665228671e+02 3.649106760950482919e-01 9.517829515566839760e+00
2.459104360626495804e+02 3.872826057280148726e-01 9.461139778487636320e+00
2.459187496018419949e+02 3.824125645015971631e-01 9.466607056725003133e+00
2.459165494944530792e+02 3.990919722244974377e-01 9.340657165479017365e+00
2.459011100645243459e+02 3.715474012795660919e-01 9.476624712188639776e+00
2.458669310435835200e+02 3.948760477243563605e-01 9.380758502379848096e+00
2.458397414020622307e+02 3.845819568442223613e-01 9.423345482840527865e+00
2.457965082680354101e+02 3.780453399586825580e-01 9.322428354310572374e+00
2.457403020085365029e+02 3.509387428217799476e-01 9.319703815946342118e+00
2.456834848608949642e+02 3.744550923271539045e-01 9.310517741920804724e+00
2.456377478817994131e+02 3.688990817338757555e-01 9.336177319099753902e+00
2.455907766128812000e+02 3.671085082953376988e-01 9.261242844531810903e+00
2.455255844959547176e+02 3.503301298677660158e-01 9.256270419817802519e+00
2.454997133262347404e+02 3.746211810959128585e-01 9.311200298504745732e+00
2.454966224825037955e+02 3.755938242280285055e-01 9.331177592122386955e+00
2.455200398613044968e+02 3.879526487745834085e-01 9.320005278437582419e+00
2.455209419735896006e+02 3.644499504008882340e-01 9.384713917783784609e+00
2.455494170966773027e+02 3.970181378036239384e-01 9.320703761341814442e+00
2.455478290150253429e+02 3.821998343662689757e-01 9.328826184690710122e+00
2.455579956953431520e+02 4.079981980506183770e-01 9.292302581884039014e+00
2.455662387036885264e+02 4.045615256504764279e-01 9.349446219091563037e+00
2.455939004468470443e+02 3.919353664418780414e-01 9.387425942610642338e+00
2.456187386809366444e+02 4.219906080214049782e-01 9.332695142927349252e+00
2.455594347521409588e+02 3.105689336646008103e-01 9.192862050764007975e+00
2.456135330493897868e+02 3.213260254275079331e-01 9.283866182506530507e+00
2.456289599657811493e+02 3.747076382632120173e-01 9.173880152164613833e+00
2.456505890463319304e+02 3.710423094074498662e-01 9.474149306977547980e+00
2.456677246293717758e+02 3.824899209144437817e-01 9.443530956216269701e+00
2.456836623256068037e+02 3.875863434078685166e-01 9.377758666193427572e+00
2.457023882654872011e+02 3.879594743404228274e-01 9.311690601650877142e+00
2.457059193582147998e+02 3.944369363220210922e-01 9.265808010484068546e+00
2.456713694815300073e+02 3.851894322039297047e-01 9.375191115843502843e+00
2.456470374769068314e+02 3.818528681027656968e-01 9.394421010001728689e+00
2.456401254539001400e+02 3.849186847589665117e-01 9.226786250580172322e+00
2.456162917155832304e+02 3.790532485143018326e-01 9.267640674911950427e+00
2.455993324596609000e+02 3.828095849145894403e-01 9.244938842930078948e+00
2.455857609595835527e+02 3.825820660532758266e-01 9.328809120776112351e+00
2.455835130732337745e+02 3.824830953486044183e-01 9.419503826867247298e+00
2.455620364303200631e+02 3.937486917665474206e-01 9.229406130268198893e+00
2.455256482012358958e+02 3.811339085010147509e-01 9.306341633221393295e+00
2.454934747590575341e+02 3.828710150071440999e-01 9.329953540648519450e+00
2.454854274169328505e+02 3.807664655399932707e-01 9.403823226945513980e+00
2.454763289376689386e+02 3.782830971687553001e-01 9.373764572583066723e+00
2.454829429109673242e+02 3.797972351907973332e-01 9.398170520836178099e+00
2.454943052029013302e+02 3.802443097532785532e-01 9.450060747535971473e+00
2.454843523903131484e+02 3.543447001756445669e-01 9.567872289112766993e+00
2.455061350460953236e+02 3.922846078939943859e-01 9.421940553871916535e+00
2.454914873818039496e+02 3.973355266151564202e-01 9.431720452125480492e+00
2.454996621344909613e+02 3.915724738580828590e-01 9.544360489984619278e+00
2.454852818048616143e+02 3.991886677405556694e-01 9.456200344008518499e+00
2.454905113258889173e+02 3.952924072405602507e-01 9.518113914143482290e+00
2.454985541176363597e+02 3.937327654462555171e-01 9.477431266551997524e+00
2.455184142390404247e+02 3.994230121677087020e-01 9.398311582530192609e+00
2.455240942474131032e+02 3.905270246903468356e-01 9.533223441723318814e+00
2.455147125071668484e+02 3.642713480947570304e-01 9.544266069657174612e+00
2.454683566767685079e+02 3.858560624675785866e-01 9.564231987331750062e+00
2.454317079385881186e+02 3.798211246712352440e-01 9.563360590092917946e+00
2.453783058490548967e+02 3.731684731664254850e-01 9.464301153065589389e+00
2.453649106760950360e+02 3.643748691766547365e-01 9.510096149470790294e+00
2.453249754279629826e+02 3.653179348567996421e-01 9.450089187393635015e+00
2.452950191570881202e+02 3.470276935957991027e-01 9.430498675840226497e+00
2.452665485843776310e+02 3.767154922143045592e-01 9.455671362655964529e+00
2.452593999417551629e+02 3.834739399896251455e-01 9.515711314968010370e+00
2.452333547201062913e+02 3.579633876648374291e-01 9.508704871633858247e+00
2.452125321939188893e+02 3.809928468070002960e-01 9.468024499230986990e+00
2.451943511617112961e+02 3.827947961886040140e-01 9.463099853477853429e+00
2.452039706591676520e+02 3.884600158353127553e-01 9.446079167462983150e+00
2.451907677396456222e+02 3.875806554363356859e-01 9.450992437273049163e+00
2.451938813352626880e+02 3.929683020722418152e-01 9.390434879551515124e+00
2.451880932554308856e+02 3.633919876957799611e-01 9.498017173123651347e+00
2.451866121076437253e+02 3.920411627123888687e-01 9.400068028139532572e+00
2.451793121649784837e+02 3.955586043082971459e-01 9.463037285790992570e+00
2.451802415795269496e+02 3.739295237575194775e-01 9.524881462673254973e+00
2.451711681273377508e+02 4.001795123815764521e-01 9.533398631246530641e+00
2.451653481948653450e+02 4.169715419408269175e-01 9.307835294545917293e+00
2.451852174170238641e+02 4.226640638508932235e-01 9.427049489902712409e+00
2.451864221293945150e+02 4.120912623656501350e-01 9.349207324287183596e+00
2.452068100945568290e+02 4.301460216051910534e-01 9.314408314449268644e+00
2.452168118237001977e+02 4.166643914780535085e-01 9.348854670052148208e+00
2.452254620908073264e+02 4.395152483140852273e-01 9.372140087913287232e+00
2.451941566330848730e+02 4.091471683002521065e-01 9.363287329019575722e+00
2.451815429874136498e+02 4.300220238257751459e-01 9.428221212038478072e+00
2.451414109354665527e+02 4.237800438656364466e-01 9.346346274606164073e+00
2.446619752277463817e+02 3.253007799346565587e-01 9.181924081506357638e+00
2.446974761332714365e+02 3.461483331968220334e-01 9.057858046432048837e+00
2.446953852349359693e+02 3.917374250325352247e-01 9.025875720097195298e+00
2.446885414675876689e+02 4.141810231068155379e-01 9.066163622464301852e+00
2.447132466031434035e+02 4.138806982098816034e-01 9.190255822207660685e+00
2.447271354920322892e+02 4.226777149825720614e-01 8.955185609887060139e+00
2.447773193272722381e+02 4.221623847616967629e-01 8.959928240551141343e+00
2.448001497074107533e+02 4.217426124625731632e-01 9.062000027302262950e+00
2.447817661834166074e+02 4.328045794996405182e-01 8.903207788425660851e+00
2.447810312974945646e+02 4.288571272558495129e-01 8.824122232233051477e+00
2.448190701759175738e+02 4.287399550422730243e-01 8.911925173596891625e+00
2.448297772135310026e+02 4.304417961248987456e-01 8.806511134773073124e+00
2.448405695707174061e+02 4.389532767266406399e-01 8.687889626049999592e+00
2.448492858182943337e+02 4.362708293517532643e-01 8.744201681819422589e+00
2.448495486025791479e+02 4.384515976374441237e-01 8.737921023652861052e+00
2.448425137193873411e+02 4.385289540502907424e-01 8.696111020103566958e+00
2.448450744441714164e+02 4.315759776485470489e-01 8.727750930552142350e+00
2.448481504991763700e+02 4.322653597983273088e-01 8.665701986694697823e+00
2.448633817493470133e+02 4.078218709331003500e-01 8.673595753587973078e+00
2.448689753005524210e+02 4.277513855898654183e-01 8.625368580555328180e+00
2.448544641475778292e+02 4.329410908164286753e-01 8.545666448248558922e+00
2.448652701558959279e+02 4.061973862633212473e-01 8.518480219510196960e+00
2.448518874964734664e+02 4.027629890517924194e-01 8.464872225407486184e+00
2.448204625913488144e+02 4.124393662234599467e-01 8.578402999608668367e+00
2.447731818967792492e+02 3.768861313602897556e-01 8.640012832063778347e+00
2.447274221657975488e+02 3.935496127628980711e-01 8.669632375023889281e+00
2.447006158935575684e+02 4.086375260509096385e-01 8.500336727914744372e+00
2.446593462473039153e+02 3.781864016526970129e-01 8.477353910139150628e+00
2.446350222058408690e+02 4.123039925009783224e-01 8.314955497310727139e+00
2.446098222167617564e+02 3.844352071786751313e-01 8.477857864416959544e+00
2.445846768322093965e+02 4.028778860767557868e-01 8.478757701513455203e+00
2.445753098806891046e+02 3.844397575559013736e-01 8.388099398440131083e+00
2.445498277682219737e+02 3.858947406740018682e-01 8.298755016790892114e+00
2.445326193791465244e+02 4.094292916882809608e-01 8.267679353118372987e+00
2.445381048588928081e+02 3.873235591230512753e-01 8.311606419672191493e+00
2.445654537636170005e+02 4.091255540084273168e-01 8.244595289449495823e+00
2.445431250625676967e+02 3.881608285326853536e-01 8.260755954168599757e+00
2.445194767521227561e+02 3.945609341014369997e-01 8.173088386527243898e+00
2.445029224797735594e+02 3.976233379747181051e-01 8.175184972834248498e+00
2.444963449094929899e+02 4.234433159508923517e-01 8.200945795906481095e+00
2.444879278492186927e+02 4.084338966700339357e-01 8.182478089933654886e+00
2.445023036284707985e+02 4.296079394981843769e-01 8.152584386745660439e+00
2.445022092081433414e+02 4.165005778979077311e-01 8.181035620352927751e+00
2.444993845614801558e+02 4.226469999362947316e-01 8.176101873845341927e+00
2.445069108854123954e+02 4.433125381094092932e-01 8.166190014652213947e+00
2.445249235536626031e+02 4.249642795387737482e-01 8.118641985420591567e+00
2.445418850847735257e+02 4.470654617267771358e-01 8.121656610332996351e+00
2.445360310244719244e+02 4.235661761360016708e-01 8.101967128074917923e+00
2.445309437027329693e+02 4.222613554663681712e-01 8.114166689418553347e+00
2.445295808647536830e+02 4.522608549248732790e-01 8.001171722135765663e+00
2.445436278792511757e+02 4.221623847616967629e-01 8.110412628206878694e+00
2.445031317971259739e+02 4.102722490694478696e-01 8.153114505692521163e+00
2.444609418370782805e+02 4.233773354811113943e-01 8.141340404619542781e+00
2.444249426652469595e+02 3.926748027411472441e-01 8.131576432686269840e+00
2.444069083827049269e+02 4.166985193072505478e-01 8.086795032808220540e+00
2.443705178784321106e+02 3.793092072332796549e-01 8.133521718950500912e+00
2.443479036412118433e+02 3.957474449631874225e-01 8.124965872170802683e+00
2.443121171995158534e+02 3.742651140779570396e-01 8.004838188585834402e+00
2.443117998107043150e+02 3.910742075518060523e-01 8.138670470782027877e+00
2.443218106406021093e+02 3.845683057125435789e-01 7.988016581574612474e+00
2.440505922315959992e+02 3.014966190697208615e-01 7.854599521300316134e+00
2.440731791665529045e+02 3.282858273950910455e-01 7.903460334361718687e+00
2.441061648510661541e+02 3.817015680599921690e-01 8.045052147323012548e+00
2.441015928595480489e+02 3.960295683512163323e-01 7.918759840190752186e+00
2.441039306158480429e+02 3.894770251453845700e-01 8.091295355885002039e+00
2.441161597546436610e+02 3.930843366915117154e-01 7.965179375870259371e+00
2.441306413301662701e+02 3.831292489147350433e-01 8.074741083535824870e+00
2.441504081688372025e+02 4.002750703033281510e-01 7.931797808538327388e+00
2.441650922361463643e+02 3.935439247913651850e-01 8.014072041572246619e+00
2.441695823208744116e+02 3.932470126773509600e-01 7.972916154749229101e+00
2.441885062021641488e+02 3.935530255458177251e-01 8.080459770114941875e+00
2.442265462181814826e+02 3.844340695843685429e-01 8.018190132962022432e+00
2.442357027147550639e+02 3.802249706500668847e-01 8.169954314212647617e+00
2.442423974572492114e+02 4.012886668304802562e-01 8.161638499831635585e+00
2.442452323422611755e+02 3.858458241188194582e-01 8.186562053494235158e+00
2.442357595944703803e+02 3.824626186510861614e-01 8.350275525341050553e+00
2.442274688071641151e+02 4.123210564155768698e-01 8.292026146467541992e+00
2.442487349951310875e+02 3.971956025154485537e-01 8.429419098843293767e+00
2.442412871652059891e+02 4.186221912796571076e-01 8.245257369335918796e+00
2.442176240660350857e+02 3.916395919221703492e-01 8.327861504718741870e+00
2.441875608612953954e+02 4.017539429018665564e-01 8.353245784075499003e+00
2.441502784830862538e+02 3.659811523375287590e-01 8.505530983518534427e+00
2.441229136520417455e+02 3.915428964061120620e-01 8.453027593487499658e+00
2.441021445927867433e+02 3.686351598547519814e-01 8.501939598292699074e+00
2.440729698492004900e+02 3.847969621681637253e-01 8.571254356986194978e+00
2.440351300497811167e+02 3.754209098934301880e-01 8.452801212220492744e+00
2.440226005860886005e+02 4.037686224187985173e-01 8.462898499285591569e+00
2.440262283743322200e+02 3.836900829078730424e-01 8.400839317079386248e+00
2.440059871588354667e+02 4.069265842138313216e-01 8.369752277463801349e+00
2.439778203238048491e+02 3.744221020922634535e-01 8.537602042209298858e+00
2.439611329529217869e+02 3.923858537872789709e-01 8.413429073270174641e+00
2.439278128156824152e+02 3.701310963678888788e-01 8.429996996751031091e+00
2.439069413729398264e+02 3.883053030096195180e-01 8.404649120412083008e+00
2.438579360854014908e+02 3.735814198997096658e-01 8.385097287065097049e+00
2.438504541276471684e+02 4.023079513291651921e-01 8.451907063095530859e+00
2.438173046295538029e+02 3.878457149097659928e-01 8.374220747900000816e+00
2.437926336218272354e+02 3.986460352563227505e-01 8.493251790573438598e+00
2.437557983181805810e+02 3.842293026091863073e-01 8.285929778578644544e+00
2.437628138622691836e+02 3.987836841674174959e-01 8.469079049153174665e+00
2.437581087722172128e+02 3.786801175817475218e-01 8.417683675976737945e+00
2.437541374304929889e+02 4.119183480310517620e-01 8.376714354619997138e+00
2.437419640338183910e+02 3.876932772726859322e-01 8.486491067609504668e+00
2.437436601869295032e+02 4.096818376243390736e-01 8.534602206022880111e+00
2.437257373886295113e+02 4.101801039306158247e-01 8.643188995367715677e+00
2.437587435498402897e+02 4.071085993028822347e-01 8.590500177464711840e+00
2.437572430629499252e+02 4.030928914006970953e-01 8.577692003167062040e+00
2.437444803924245207e+02 3.975596326935502689e-01 8.669059027493378977e+00
2.437091364749137767e+02 4.128966791347002396e-01 8.718356676768504343e+00
2.436758288512117758e+02 4.076341678725166062e-01 8.750789490448758201e+00
2.436169367315550573e+02 3.790543861086084210e-01 8.893730490257642174e+00
2.435760845824118803e+02 4.047424031452207527e-01 8.758771989697946125e+00
2.435701247258397757e+02 4.015889917274141907e-01 8.783572683175435714e+00
2.435408305348513522e+02 3.816594770706491779e-01 8.716501260454490918e+00
2.435330971687552903e+02 3.990601195839135196e-01 8.771335581219682709e+00
2.435359548056533754e+02 4.019234444535452200e-01 8.712209117135810033e+00
2.435063637025509422e+02 3.850620216415940877e-01 8.544225116262138542e+00
2.435134145120630365e+02 4.045148842839071390e-01 8.668493643123014181e+00
2.435070485343235021e+02 3.915770242353091013e-01 8.781708166106970026e+00
2.434897081843084834e+02 4.263783092618377846e-01 8.624732665337957016e+00
2.434809680472511104e+02 4.080255003139760528e-01 8.646422038386981868e+00
2.432666384543278753e+02 3.155447711615292916e-01 8.557919476524604718e+00
2.432886315650567326e+02 3.405456812369745401e-01 8.561160482704016417e+00
2.432940066981552718e+02 3.985254502598265525e-01 8.512586343407868128e+00
2.433033179075545434e+02 4.018551887951511414e-01 8.647881571882308549e+00
2.433199859393343729e+02 4.187894176427225945e-01 8.501705253865544876e+00
2.433178961785932017e+02 4.322528462609550592e-01 8.402783465749310565e+00
2.433365538628152365e+02 4.294634650212502680e-01 8.524507194146394795e+00
2.433411395054650086e+02 4.314553926520508509e-01 8.432144774801830778e+00
2.433470686469908344e+02 4.348579372229957607e-01 8.386278109955314974e+00
2.433552672891582631e+02 4.355723464475205198e-01 8.323924290823709882e+00
2.433680868393989840e+02 4.320503544743859448e-01 8.396494844422603521e+00
2.433729819077001366e+02 4.367338302345264434e-01 8.379620908073279750e+00
2.433876534614719560e+02 4.443943902949554769e-01 8.265058335836041437e+00
2.434082029650257937e+02 4.466707165023980353e-01 8.317961021468679661e+00
2.434150069165733896e+02 4.212989506830115971e-01 8.458779270301507225e+00
2.433963560579171883e+02 4.380432012813862408e-01 8.366416850956944984e+00
2.433612806126627959e+02 4.015525887096040303e-01 8.378714245410945338e+00
2.433273495872807928e+02 4.128284234763061611e-01 8.420838224988852261e+00
2.433179826357605009e+02 3.929387246202710182e-01 8.464521846361062529e+00
2.432982010083636055e+02 4.237174761787751986e-01 8.336483331968219446e+00
2.432733366096049394e+02 4.019200316706255105e-01 8.314551651331894888e+00
2.432605580127592475e+02 4.232374113814035277e-01 8.317859775575394465e+00
2.432619254011157466e+02 4.226902285199443110e-01 8.316807500841820300e+00
2.432436818012213280e+02 4.001328710150071633e-01 8.359553744505419104e+00
2.432184294828041118e+02 3.989179202955925319e-01 8.311838488910730405e+00
2.431806761405520376e+02 4.178611406885630597e-01 8.258464839235172050e+00
2.431566592495517796e+02 3.885601241342907519e-01 8.257803896943055832e+00
2.431313352626932840e+02 4.225741939006743553e-01 8.315486753851894619e+00
2.431279907354319789e+02 3.893985311382313630e-01 8.142226590584359158e+00
2.431035881999617629e+02 3.906385089323904936e-01 8.186724729480074458e+00
2.430933123105905338e+02 4.186597318917738009e-01 8.065155713908682245e+00
2.431145091053048191e+02 3.953822771907791189e-01 8.193544607347948983e+00
2.431017851129858798e+02 3.926543260436290428e-01 8.158935575759230119e+00
2.430851443834693839e+02 4.329763562399323029e-01 7.983983809757829064e+00
2.430880987158835467e+02 4.156496573565948704e-01 7.984319400078266682e+00
2.431003392306222111e+02 4.151957572282742315e-01 8.012399777941590528e+00
2.430961688098943512e+02 4.213330785122086364e-01 8.009047287520134617e+00
2.431139471337173745e+02 4.480824710368489505e-01 8.103592750339002393e+00
2.431176966445518417e+02 4.242362191825702622e-01 8.197535288175389567e+00
2.431468793512982245e+02 4.592843621736241722e-01 8.123995504227300657e+00
2.431709349205049193e+02 4.405811741793394520e-01 8.059929605664310159e+00
2.431498621235700455e+02 4.254682338165833855e-01 8.133373831690647648e+00
2.431519894249233289e+02 4.151650421819969017e-01 8.139049289686115074e+00
2.431140961585715559e+02 4.308513300752632169e-01 8.142661151609468462e+00
2.430569707228729328e+02 4.000282123388028688e-01 8.116121076437236681e+00
2.430155850419999695e+02 3.900389967328291574e-01 8.184410862660515207e+00
2.429984267070740032e+02 4.209201317789244556e-01 8.073584150126045245e+00
2.429814344609168018e+02 3.910776203347257618e-01 8.120355202446281950e+00
2.429776986012140298e+02 4.159397439047697320e-01 8.035381458122877518e+00
2.429703099261928685e+02 3.922345537445054431e-01 8.010239486353418314e+00
2.429756020149070253e+02 4.202853541558595474e-01 8.092811769095657581e+00
2.429300993802386301e+02 3.976790800957399341e-01 8.069058799974518692e+00
2.428595287174306634e+02 3.847628343389666861e-01 8.096177910648792775e+00
2.428230381048588811e+02 4.087797253392306263e-01 8.082929487354501674e+00
2.428335699529490910e+02 3.873895395928322327e-01 8.102034246139005802e+00
2.428382693550295244e+02 4.192967847034519413e-01 8.064360535488392046e+00
2.428418379883692353e+02 4.003990680827440585e-01 8.059297103229857484e+00
2.428486578662371187e+02 4.267355138741001364e-01 8.012538564446993306e+00
2.428912129940572129e+02 3.972024280812879171e-01 8.121981962304674951e+00
2.428843237229366423e+02 4.172536653288557718e-01 8.146731464038369452e+00
2.426575056197158631e+02 3.120967228183216258e-01 7.959425423867638294e+00
2.426797216989288302e+02 3.395275343325961925e-01 8.037249387974263470e+00
2.427039820351106982e+02 4.021430001547128263e-01 7.999151354647300316e+00
2.427215317024781314e+02 4.099514474749956783e-01 8.015704489402171617e+00
2.427530362392042207e+02 4.190192116926493293e-01 8.024837096495298638e+00
2.428142763535097117e+02 4.306772781463583111e-01 8.000525568569633705e+00
2.428298670834812185e+02 4.365222376935047888e-01 7.978530182652141534e+00
2.428332537017318771e+02 4.372719123415331199e-01 8.013753515166406771e+00
2.428098761387319087e+02 4.277900637962886998e-01 8.178548839198770182e+00
2.427779711688098985e+02 4.239506830116216429e-01 8.119373458559714152e+00
2.427498714518433474e+02 3.912346083490321202e-01 8.117591985875629135e+00
2.426951281386226924e+02 4.114155313475487130e-01 8.095643241324705031e+00
2.426640137967437454e+02 3.823124562026192219e-01 8.260382823236046335e+00
2.426436269691757559e+02 3.921003176163304071e-01 8.204960366214359979e+00
2.426414291369754608e+02 4.231930452034473600e-01 8.117526005405848011e+00
2.426548493370100346e+02 4.027902913151500397e-01 8.199133608176117249e+00
2.426644972743240487e+02 4.237481912250525840e-01 8.361194155495491387e+00
2.426395919221703537e+02 4.050825438428845571e-01 8.287588391077619576e+00
2.426194860803960580e+02 4.200487345400933936e-01 8.290954532630754770e+00
2.426059680472511104e+02 3.968247467715073640e-01 8.318554845696708000e+00
2.426071534205185571e+02 4.185687243472483998e-01 8.387958336746116572e+00
2.426303421428636398e+02 4.341549039415367739e-01 8.216098552069967198e+00
2.426559505282988027e+02 4.129763107361600349e-01 8.353433487136083357e+00
2.426800481884948226e+02 4.389362128120420925e-01 8.318128247831745981e+00
2.426946765136829924e+02 4.212204566758584456e-01 8.333080787397275202e+00
2.427059307341578744e+02 4.508923289740719431e-01 8.274799555883182833e+00
2.427291808865954863e+02 4.348511116571563972e-01 8.353961330894330573e+00
2.427175956261773990e+02 4.519275397930488380e-01 8.358777905188340185e+00
2.427370553143855716e+02 4.510857200061885175e-01 8.448303164332322979e+00
2.427664109354665527e+02 4.384368089114587530e-01 8.331442651595816429e+00
2.427801576250671189e+02 4.662464393298204612e-01 8.294064715464912751e+00
2.427874848699957226e+02 4.439916819104303691e-01 8.382480820159990742e+00
2.427963501424268031e+02 4.574972015180058249e-01 8.366677360053149215e+00
2.427512775184062832e+02 4.306806909292780206e-01 8.209853159326907956e+00
2.427149063532366711e+02 4.550240714955269827e-01 8.166523329784039831e+00
2.426458919194401176e+02 4.118978713335335606e-01 8.260555737570644652e+00
2.425800013196094085e+02 4.029495545180695748e-01 8.211544762060775327e+00
2.425560765737479585e+02 4.241929905989206273e-01 8.232435543906589714e+00
2.425568046341041679e+02 4.022442460479973558e-01 8.244833046659568510e+00
2.425341665074034552e+02 4.306875164951174395e-01 8.163414284544188604e+00
2.424997747563272981e+02 4.029450041408432770e-01 8.198345255321665803e+00
2.424841021195657049e+02 4.190988432941090691e-01 8.252349132243063323e+00
2.424764370091280625e+02 4.004388838834739284e-01 8.318400132871014208e+00
2.424682360917720132e+02 4.251826976456348217e-01 8.300414766884173901e+00
2.424788225443889189e+02 4.254386563646126440e-01 8.425014333688261914e+00
2.424911222140315488e+02 4.202489511380493314e-01 8.335251317334206433e+00
2.425026949609122653e+02 4.444444444444444198e-01 8.371705526888179705e+00
2.425295433241415708e+02 4.343630836996387190e-01 8.383018902266998751e+00
2.425529550149707347e+02 4.631339813070503575e-01 8.322876566467360959e+00
2.425866425951711278e+02 4.660598738635433058e-01 8.419041963578781207e+00
2.426302636488564985e+02 4.488651359197677326e-01 8.449622773727941905e+00
2.426452275643650864e+02 4.798054258698046248e-01 8.337262584068218629e+00
2.426667667749656516e+02 4.852010356658567058e-01 8.318105495945614436e+00
2.427344638745551890e+02 4.690847371247076625e-01 8.435574621636133585e+00
2.427536926311191223e+02 4.974131105468643232e-01 8.340309061621208997e+00
2.427787299442123867e+02 4.630918903177073109e-01 8.449388429300789483e+00
2.427523070412537152e+02 4.845617076655654998e-01 8.306021969221248469e+00
2.427233086247850053e+02 4.431418989634240413e-01 8.351229966964261564e+00
2.427097530510279171e+02 4.615879906444244063e-01 8.315873535916127324e+00
2.427004338784685160e+02 4.521129676650194051e-01 8.210531165533621945e+00
2.425942553762706950e+02 3.115222376935047888e-01 8.167731454937614544e+00
2.426108119238084839e+02 3.422236328391623505e-01 8.167490284944621592e+00
2.426272626750757695e+02 4.000703033281459153e-01 8.082426670670999513e+00
2.426467064369636262e+02 4.101778287420027036e-01 8.005800593369190921e+00
2.426774578862587646e+02 4.213694815300188523e-01 7.958695088322821576e+00
2.426876973726121776e+02 4.248812351543942989e-01 8.027683357450332124e+00
2.426874038732810845e+02 4.209895250316251225e-01 8.103640529299878992e+00
2.426872650867756818e+02 4.102199197313457502e-01 8.022671116935594426e+00
2.426937266224369978e+02 4.123096804725111530e-01 8.080773746143554703e+00
2.427010811696289636e+02 4.089867675030259830e-01 8.100054832045577413e+00
2.427003246694150960e+02 4.140866027793704274e-01 8.054943529818622494e+00
2.427119918366232696e+02 4.236207806627169670e-01 8.003572046122624073e+00
2.427399072633121193e+02 3.990168910002639402e-01 8.009912996787432959e+00
2.427430242717121303e+02 4.302029013205194707e-01 8.018380111211220296e+00
2.427603441450296202e+02 4.067286428044885049e-01 8.168029504645934580e+00
2.427670673273814259e+02 4.284225662307405424e-01 8.154613854988578936e+00
2.427785012877567681e+02 4.212739236082670979e-01 7.930926411299497047e+00
2.427812155877722375e+02 4.143903404592240713e-01 8.021943056579390330e+00
2.427922286382541017e+02 4.440144337965617471e-01 7.996242526005405971e+00
2.427450526023607438e+02 4.155495490576168738e-01 8.097720488528498350e+00
2.427384204275534501e+02 4.101892046850683649e-01 8.057608913278910379e+00
2.427083435716820929e+02 4.271416350415449537e-01 8.116775193163512370e+00
2.426596886631901668e+02 4.041497165114987800e-01 8.040375497128712468e+00
2.426322589892702126e+02 4.144745224379101090e-01 8.035479291233242449e+00
2.425922179448676275e+02 3.848652178265578039e-01 8.030701395145657173e+00
2.425656687689409523e+02 3.831622391496254942e-01 8.022274096522600928e+00
2.425517685041089919e+02 4.138192681173269438e-01 7.936151381949563266e+00
2.425284171057780611e+02 3.833658685305011971e-01 8.042346948061993572e+00
2.425043638117599869e+02 3.786801175817475218e-01 8.157753615274705439e+00
2.424978510843548918e+02 4.127533422520727191e-01 8.028089478617777885e+00
2.424700096012959420e+02 3.854021623392579476e-01 8.042222950282578608e+00
2.424431271102374410e+02 4.089389885421501614e-01 8.057021914616722569e+00
2.424262429355393635e+02 3.811737243017446208e-01 8.069691302408969591e+00
2.424154812933992105e+02 4.157440776840399810e-01 7.925624084236583045e+00
2.423911583895304886e+02 3.766984282997060673e-01 8.075215460361663489e+00
2.423879833638208652e+02 3.889639701131223926e-01 8.087923526360334847e+00
2.424204628188676907e+02 4.167701877485643358e-01 8.162092399959956168e+00
2.424302404419326251e+02 4.080528025773336731e-01 8.118290468779861158e+00
2.424129182934265145e+02 4.105407213257978860e-01 8.070279438665465932e+00
2.424000771288939973e+02 4.310947752568687896e-01 8.033520353837333872e+00
2.423930467960794033e+02 4.034193809666821173e-01 8.168690446938050798e+00
2.423902505892738475e+02 4.282974308570180466e-01 8.164849928559076986e+00
2.423823875374268653e+02 4.292370837542432427e-01 8.062783829779489153e+00
2.423549726522328740e+02 3.993809211783657109e-01 8.247976219728615277e+00
2.423135050645698527e+02 3.937236646918029770e-01 8.152549121322158143e+00
2.422938622236783317e+02 4.187268499558613466e-01 8.131411481511817030e+00
2.422765252864462582e+02 3.980169456047906174e-01 8.287090124771342659e+00
2.423006764135746778e+02 4.208439129603844253e-01 8.223887660287036994e+00
2.423123117281422765e+02 4.072109827904733526e-01 8.304554472565776280e+00
2.423293961194383144e+02 4.155836768868139131e-01 8.129856390094738927e+00
2.423295223924063180e+02 4.372969394162776191e-01 8.127628980442478834e+00
2.423302993693177143e+02 4.144551833346984404e-01 8.197993738680937170e+00
2.423492221130131554e+02 4.196767412018456156e-01 8.192005442251161895e+00
2.423430859293235358e+02 4.447129167007944917e-01 8.103170702851265617e+00
2.423431462218217973e+02 4.096249579090106563e-01 8.265166407295165385e+00
2.423334789454045790e+02 4.332505164678152054e-01 8.235919995267607874e+00
2.423411417806536292e+02 4.183468934574676168e-01 8.149648255840409306e+00
2.423356449249642708e+02 4.414798736815281899e-01 8.074972015180058804e+00
2.423329044602797637e+02 4.240269018301617288e-01 8.046169264932062859e+00
2.423427366878714224e+02 4.504475296002038442e-01 7.979621135592140924e+00
2.422865713817675442e+02 3.363695725375633883e-01 8.025399068082744947e+00
2.423441393416514131e+02 3.375674593423794723e-01 7.905297549166825810e+00
2.423877057908100596e+02 3.737600222058408694e-01 8.024110173733403073e+00
2.424335747308451801e+02 4.171410434925055255e-01 8.185905661579344184e+00
2.424868084564210449e+02 4.349762470308788376e-01 8.253094256513865190e+00
2.425272260445391055e+02 4.552208753105632666e-01 8.253214841510361666e+00
2.425485274979295696e+02 4.649609577633985746e-01 8.205945522883846266e+00
2.425472624930606855e+02 4.586962259171285528e-01 8.111695834584686793e+00
2.425657233734676481e+02 4.483327417842939422e-01 8.100433650949664610e+00
2.425499187757665140e+02 4.328478080832900976e-01 8.205867028876694391e+00
2.425266879624320779e+02 4.319172559405174416e-01 8.151089587826831462e+00
2.425185541631401236e+02 4.271507357959974938e-01 8.181811459670006670e+00
2.425194960912259603e+02 4.297956425587681206e-01 8.138982171622027195e+00
2.425265628270583704e+02 4.283270083089887881e-01 8.087098770488072574e+00
2.425043353719023287e+02 4.020701941190924500e-01 8.212046441149970732e+00
2.424994698810531304e+02 4.234103257160018452e-01 8.153516076482739905e+00
2.425000523293381036e+02 4.077433769259471430e-01 8.262200698937942178e+00
2.425053569315896311e+02 4.104360626495936470e-01 8.217730999899892197e+00
2.424989852658785310e+02 4.250746261865108733e-01 8.358592477316369340e+00
2.424806597591940260e+02 4.114758238457968398e-01 8.378641439375323685e+00
2.424736715173687855e+02 4.406141644142299585e-01 8.241292853177528244e+00
2.424781581893138878e+02 4.405538719159818317e-01 8.285260873126382819e+00
2.425032887851402847e+02 4.093826503217116719e-01 8.389561207124071274e+00
2.424915897652915362e+02 4.364824218927749189e-01 8.295920131778924400e+00
2.424947386263321221e+02 4.179510106387819279e-01 8.286100417724629352e+00
2.424844991399787091e+02 4.444546827932035482e-01 8.268708875965817384e+00
2.424563914598520284e+02 4.215059928468070094e-01 8.191641412073060735e+00
2.424395277618514513e+02 4.430508914188986402e-01 8.140602105914579667e+00
2.423972615829852373e+02 4.147111420536762627e-01 8.087395682602087632e+00
2.423689013569224926e+02 4.004024808656637680e-01 8.007104276444517055e+00
2.423299501278656010e+02 3.941514001510725285e-01 8.032444189623319630e+00
2.423176470454400544e+02 4.257412564501596997e-01 8.084376507312455828e+00
2.423169724520162731e+02 4.023989588736906486e-01 8.099106078393898400e+00
2.423212975855698517e+02 4.324610260190570044e-01 8.131088404728751939e+00
2.422573124562026123e+02 4.042464120275570671e-01 8.220854833865727684e+00
2.422051002903140784e+02 4.254466195247585958e-01 8.069501324159773503e+00
2.421544159135792427e+02 3.982524276262502383e-01 8.000144474476934775e+00
2.421305036812551634e+02 4.073361181641957929e-01 7.974500823618278389e+00
2.420969651259089517e+02 3.857150007735641317e-01 7.915137739918638893e+00
2.420566703979760064e+02 3.799200953759066524e-01 7.946082580245902527e+00
2.420505455902294329e+02 4.009109855206996476e-01 8.077241515821661721e+00
2.420450828623692985e+02 3.817231823518169587e-01 7.939548238548975512e+00
2.420350367670479841e+02 4.050006370528116961e-01 7.869789818075918930e+00
2.420103714472929823e+02 3.880254548102037848e-01 7.842509169010110526e+00
2.419932643041108236e+02 3.895555191525377214e-01 7.984238630882500409e+00
2.419721778560442544e+02 3.916122896588127289e-01 8.017860230613118588e+00
2.419625469826448523e+02 4.246013869549785658e-01 7.895059200407713362e+00
2.419605379910994714e+02 4.023500423185081831e-01 7.961223960466322858e+00
2.419712973580509754e+02 4.390966136092682159e-01 7.905948253110183011e+00
2.419577213075963869e+02 4.273099989989170289e-01 7.794722244974108705e+00
2.419626596044812175e+02 4.294941800675275978e-01 7.891941054413410761e+00
2.419813718932299480e+02 4.347839935930688515e-01 7.863686624621180954e+00
2.419778043974845616e+02 4.545883728761114240e-01 7.961194383014351672e+00
