2.500000000000000000e+02 2.025382515920933102e+00 7.974741543296667068e+00
2.500000000000000000e+02 2.186936564386734005e+00 7.009891654949962359e+00
2.500000000000000000e+02 2.271991563973203121e+00 6.495095525597552211e+00
2.498618042345546257e+02 2.262242577123480203e+00 5.892316599123314624e+00
2.495621350591349028e+02 2.111547845504921028e+00 5.245252667273178737e+00
2.500668906624762258e+02 1.030961045405673682e+00 4.097922008105202352e+00
2.505245285749731181e+02 5.397857910842775997e-01 3.527512199156397354e+00
2.506789202712761551e+02 4.759325117856256782e-01 3.496069390455710746e+00
2.508091142171863339e+02 3.980377967082954216e-01 3.460222479530229212e+00
2.507914667934827548e+02 2.161938632040360520e-01 3.169320155487552526e+00
2.508282234720039696e+02 1.686688445951534110e-01 3.097003969894963404e+00
2.508616202133818547e+02 1.607580018195352012e-01 3.113507981142999093e+00
2.508697171449838663e+02 1.563476966338598895e-01 2.949832520056240082e+00
2.508952216524687913e+02 1.582292614341245518e-01 3.018772227276486753e+00
2.509244396658671690e+02 1.582788851211645031e-01 3.154228351666529040e+00
2.509452216524687742e+02 1.666838971135555236e-01 3.113359110081879155e+00
2.509939810602927821e+02 1.660470597965428841e-01 3.238063435613266261e+00
2.510298072946820014e+02 1.667914151021420988e-01 3.158975684393350303e+00
2.510647609792407593e+02 1.644363576213712652e-01 3.278504672897196048e+00
2.510830245637250755e+02 1.675688528657679199e-01 3.249321809610453915e+00
2.510864465304772182e+02 1.671346456041683803e-01 3.320515259283764564e+00
2.510971487056488343e+02 1.690844429741129862e-01 3.353792076751302531e+00
2.511044992142916215e+02 1.691175254321396204e-01 3.359788272268629417e+00
2.511353424034405748e+02 1.758436026796791063e-01 3.472556033413282783e+00
2.511617153254486823e+02 1.765011165329583853e-01 3.537658175502439661e+00
2.511908568356628848e+02 1.960714581093375153e-01 3.541119427673476316e+00
2.512002274418989316e+02 2.061450665784467784e-01 3.480268381440740910e+00
2.512220101728558461e+02 2.168182945992887245e-01 3.557340170374658772e+00
2.512332540732776351e+02 2.186626416342734303e-01 3.551821602845091519e+00
2.512425564469440076e+02 2.216524687784302283e-01 3.547800016541228896e+00
2.512512302539078632e+02 2.273385162517574942e-01 3.467329005045074908e+00
2.512372343065089808e+02 2.073484409891654945e-01 3.416772806219502190e+00
2.512393805309734489e+02 2.063311554048465890e-01 3.428909933008022382e+00
2.511932118931436548e+02 2.078777603175915867e-01 3.312854602596972953e+00
2.511238048962037794e+02 1.990819617897609806e-01 3.561006120254734952e+00
2.511040794806054066e+02 1.966400628566702391e-01 3.298327268216028507e+00
2.511185985443718494e+02 1.977545281614424000e-01 3.355605408981887194e+00
2.511315337854602490e+02 2.017078818956248576e-01 3.262300471425026771e+00
2.511527975353568820e+02 2.053262757422876505e-01 3.329887933173434789e+00
2.511508022496071533e+02 1.998511289388801571e-01 3.214659664213050938e+00
2.511627388139938830e+02 2.005561988255727401e-01 3.165951947729716220e+00
2.511436605739806396e+02 1.795695145149284466e-01 3.030619882557274103e+00
2.511598089488049084e+02 1.863410801422545615e-01 2.988946323711851871e+00
2.511730894880489586e+02 1.911711190141427430e-01 3.049826317095360118e+00
2.511654598461665842e+02 1.833781324952444003e-01 3.015687288065503235e+00
2.511591948556777822e+02 1.848503018774294848e-01 2.848426515590108288e+00
2.511689210983376199e+02 1.811616078074601011e-01 2.864498387230171250e+00
2.511703705235298969e+02 1.834174179141510319e-01 2.968817715656273393e+00
2.511701989082788771e+02 1.921759986767016815e-01 2.915805144322223263e+00
2.511644901166156671e+02 1.891034653874782978e-01 2.973472003969894750e+00
2.511387602348854386e+02 1.822698701513522368e-01 2.840505334546356675e+00
2.511281883218923099e+02 1.775246050781573159e-01 2.890224133653130245e+00
2.511229468199487087e+02 1.796708295426350244e-01 2.866781076834008957e+00
2.511025514845753150e+02 1.781138863617566792e-01 2.742043668844595050e+00
2.510704325531386871e+02 1.645934992969977639e-01 2.545486312132991369e+00
2.510645852286824891e+02 1.515052518402117410e-01 2.674466545364320602e+00
2.510518340087668605e+02 1.636816640476387308e-01 2.710358944669589043e+00
2.510258973616739695e+02 1.643247043255313955e-01 2.703887188818129061e+00
2.509762736746340295e+02 1.635555371764122190e-01 2.787804978909933062e+00
2.508594036886940728e+02 1.522682160284509201e-01 2.959453312381109757e+00
2.506348627077991864e+02 1.212678852038706484e-01 3.183008022496071288e+00
2.507031573070879062e+02 1.446799272185923524e-01 3.269717144983872448e+00
2.507072099081961767e+02 1.595877098668431193e-01 3.435981308411214741e+00
2.506538830535108673e+02 1.637891820362252782e-01 3.448492680506161534e+00
2.506808287155735684e+02 1.783578694897030859e-01 3.487933173434786038e+00
2.507432925316350918e+02 1.930196013563807711e-01 3.586868331817054223e+00
2.507845856422132158e+02 2.101831941113224689e-01 3.597620130675709404e+00
2.508376023488545172e+02 2.270862625093044429e-01 3.638092382764039456e+00
2.508649429327599023e+02 2.428645273343809363e-01 3.552350922173517667e+00
2.508837709866843113e+02 2.439727896782730998e-01 3.547795881233975823e+00
2.509167149119179498e+02 2.430940368869407009e-01 3.660505748077082178e+00
2.509385844843271798e+02 2.432863286742204811e-01 3.671635927549417033e+00
2.509513439748573376e+02 2.528037383177569875e-01 3.566936150856008680e+00
2.509530332478703087e+02 2.546956413861549695e-01 3.648335538830535185e+00
2.509802084194855638e+02 2.561574725002067621e-01 3.592085021917128529e+00
2.509853982300884923e+02 2.606070631047887054e-01 3.588005541311719337e+00
2.509722272764866489e+02 2.261413448019187755e-01 3.588437680919692507e+00
2.509705896948143220e+02 2.447688363245389132e-01 3.431058225126126793e+00
2.509657079646017621e+02 2.178479861053676248e-01 3.421853031180216664e+00
2.509594574476883508e+02 2.003494334629062901e-01 3.337513439748573507e+00
2.509727007691671474e+02 2.212244644777106861e-01 3.247955090563229064e+00
2.509837399718799134e+02 2.021090066991977630e-01 3.226573484409891446e+00
2.509642006451079226e+02 1.897981970060375612e-01 3.142831444876354130e+00
2.509701348110164645e+02 1.787010999917293952e-01 3.047973699445869045e+00
2.509964208915722566e+02 1.815255148457530499e-01 3.163042759076999388e+00
2.510246216193863233e+02 1.899408651062773901e-01 3.110464395004548965e+00
2.510438342568852761e+02 1.878091142171863237e-01 3.118369034819286956e+00
2.510570631047886820e+02 1.820527665205524670e-01 3.084182449756017075e+00
2.510792324869737797e+02 1.899532710280373848e-01 3.026532131337358322e+00
2.511064655528905689e+02 1.873583657265734947e-01 3.091348937226035876e+00
2.511423103961624292e+02 2.105925895294020467e-01 3.091946489124141717e+00
2.511308287155735570e+02 1.964146886113638246e-01 3.101513522454718341e+00
2.511233500124059219e+02 2.063394260193532337e-01 3.082424944173351999e+00
2.511191402696220223e+02 1.953953353734182441e-01 3.193823918617153090e+00
2.511234430568191272e+02 2.012199156397320443e-01 3.142816971300967488e+00
2.511276734761392788e+02 1.968137457613100549e-01 3.113288809858572481e+00
2.511560871722768979e+02 2.190741047059796553e-01 3.183111405177404762e+00
2.511456062360433350e+02 2.075986270779918985e-01 3.115865106277396546e+00
2.511359709701430916e+02 1.993321478785873846e-01 3.164684476056570883e+00
2.511157389794061601e+02 1.938983541477131700e-01 3.004573649822182002e+00
2.511130799768422719e+02 1.880096766189727764e-01 3.061752543213960731e+00
2.511231990736911825e+02 2.124059217599867655e-01 3.027539078653544102e+00
2.511337172276900276e+02 2.199383839219254122e-01 2.996784798610536704e+00
2.511302828550161337e+02 1.956744686130179600e-01 3.024900752625919953e+00
2.511170416011909765e+02 1.869965263419071932e-01 2.891175254321395993e+00
2.511391613596890124e+02 1.897258291291042953e-01 3.015418493094037089e+00
2.511462864940865245e+02 1.876457695806798553e-01 2.998269373914481672e+00
2.511436357621371371e+02 1.851066909271358862e-01 2.849896617318666614e+00
2.511670333305764586e+02 1.872694566206269118e-01 2.964463237118518002e+00
2.511596207923248585e+02 1.856752956744686101e-01 2.926724423124638097e+00
2.511723844181622667e+02 1.915743114713423234e-01 2.947252088330162945e+00
2.511802166901000817e+02 1.908092796294764693e-01 2.865674882143743218e+00
2.511747622198329282e+02 1.842651559010834439e-01 2.833136217020924441e+00
2.511882681333223104e+02 2.050057894301546557e-01 2.845449094367711318e+00
2.511961190141427380e+02 1.927590769994210473e-01 2.901788520387064807e+00
2.511880820444958999e+02 1.895066578446778505e-01 2.853320651724422952e+00
2.511891779009180254e+02 1.848275576875361703e-01 2.853386816640476553e+00
2.511834153502605318e+02 1.811636754610867484e-01 2.869425605822512715e+00
2.511950086841452219e+02 2.037321147961293488e-01 2.906957654453726114e+00
2.511870668265652000e+02 1.874927632123066790e-01 2.911361756678521040e+00
2.510674778761061816e+02 1.407699942105698487e-01 2.920482176825738296e+00
2.511246402282689587e+02 1.697274832520056231e-01 2.910042593664709187e+00
2.511488813993879887e+02 1.962223968240840166e-01 2.846298900008270572e+00
2.511577599040608675e+02 2.054958233396741440e-01 2.774603010503680522e+00
2.511865685220411990e+02 2.242101563146141896e-01 2.876887767761144854e+00
2.511867711520966111e+02 1.976201306757092158e-01 2.960569845339508621e+00
2.511943677115209539e+02 2.222686295591762562e-01 2.863758167231825524e+00
2.511988545198908298e+02 1.983065916797618067e-01 2.923056405590935380e+00
2.512060582251261280e+02 1.981163675461086737e-01 2.901286080555785407e+00
2.512236229426846421e+02 1.929244892895542185e-01 3.018639897444379994e+00
2.512620337441071854e+02 2.162745016954759625e-01 3.116284839963609166e+00
2.512591204201472124e+02 2.060830369696468323e-01 3.042930692250433999e+00
2.512860826234389151e+02 2.308866098751137241e-01 3.010185261764949161e+00
2.512843685385824131e+02 2.150731949383839214e-01 3.040042180133983862e+00
2.512865147630468812e+02 2.106298072946820032e-01 3.031897692498552566e+00
2.513164399139856187e+02 2.369117525432139493e-01 3.062126788520386889e+00
2.513117442725994408e+02 2.181788106856339393e-01 3.012941444049292983e+00
2.513204263501778257e+02 2.140745182367049804e-01 3.082185096352659137e+00
2.513369386320403578e+02 2.326999421056984430e-01 3.059870978413695930e+00
2.513394466958895066e+02 2.191154577785129343e-01 3.048945496650401044e+00
2.513584050119924029e+02 2.482549003390951969e-01 3.032873625010338081e+00
2.513513150277065620e+02 2.245285749731205094e-01 3.053107683400876571e+00
2.513474774625754833e+02 2.153233810272103255e-01 3.096578033247870287e+00
2.513725663716814154e+02 2.487449342486146853e-01 3.076579687370771587e+00
2.513877594905301578e+02 2.606752956744686212e-01 3.185997849640228363e+00
2.513978082871557262e+02 2.597572574642296184e-01 3.206858407079645978e+00
2.513801608634521472e+02 2.345050037217765171e-01 3.166233148622942473e+00
2.513935695972210738e+02 2.579025721611115651e-01 3.111576792655694312e+00
2.513677714829211709e+02 2.265548755272516757e-01 3.076927053180051441e+00
2.513528368207757921e+02 2.126395666197998524e-01 3.078560499545116347e+00
2.513485298982714369e+02 2.090480522702836685e-01 3.087296336117773432e+00
2.513454346207923322e+02 2.062918699859399574e-01 3.113013811926226282e+00
2.513683359523612637e+02 2.288417004383425657e-01 3.150742287651972617e+00
2.513825469357373379e+02 2.513108923993052635e-01 3.048945496650401044e+00
2.513843706062360468e+02 2.265900256389049572e-01 3.198056405590935292e+00
2.513588020014886979e+02 2.181581341493672999e-01 3.089692746671077739e+00
2.513675378380613665e+02 2.378297907534529798e-01 3.009447109420229971e+00
2.513521999834587746e+02 2.148788354974774661e-01 3.038747828963692221e+00
2.513588309486394792e+02 2.258973616739723689e-01 2.967395169961128065e+00
2.513345112066826630e+02 2.023137044082375380e-01 2.897729716317922311e+00
2.513304958233396746e+02 1.932139607972872264e-01 2.932604830038871846e+00
2.513271524274253466e+02 1.960879993383508324e-01 2.827917459267223599e+00
2.513309858572492033e+02 1.972582912910429143e-01 2.945815069059630975e+00
2.513138677528740459e+02 1.909808948804896100e-01 2.832846745513191600e+00
2.513252584567033239e+02 2.213009676618972743e-01 2.737685054999586587e+00
2.513246443635762262e+02 2.044475229509552516e-01 2.784864775452815966e+00
2.513135617401372883e+02 1.940596311305929911e-01 2.826064841617732082e+00
2.513043606814986219e+02 1.891427508063849017e-01 2.925184021172773097e+00
2.513206682656521309e+02 2.255086427921594583e-01 2.932232652386072225e+00
2.513108055578529445e+02 2.094615829956165687e-01 2.924476883632453728e+00
2.513039471507732969e+02 1.971114878835497353e-01 2.909368538582416619e+00
2.513074414854023644e+02 2.213278471590439112e-01 2.852799603010503837e+00
2.513024873873128797e+02 1.924944173352080012e-01 2.962848399636092811e+00
2.513314159292035299e+02 2.187143329749400289e-01 3.052096600777437718e+00
2.513132474567860299e+02 1.956041683897113692e-01 3.052752046977090572e+00
2.513368414523199021e+02 2.215656273261103204e-01 3.088077909188652548e+00
2.513448184600115667e+02 2.385162517575055707e-01 2.996946075593416747e+00
2.513374265982962470e+02 2.069349102638325943e-01 3.043455876271607075e+00
2.513318294599288834e+02 1.976449425192291776e-01 3.092907948060541035e+00
2.513485464395004669e+02 2.293875609957819750e-01 3.009674551319163172e+00
2.512305144322223214e+02 1.521172773137044187e-01 3.060786948970308341e+00
2.512750454883797886e+02 1.836614010420974386e-01 3.137081300140600604e+00
2.513108489785791164e+02 2.263605160863452204e-01 3.092488214374327971e+00
2.513215470184434821e+02 2.341328260689769236e-01 3.073689107600694914e+00
2.513566351004879778e+02 2.518009263088247240e-01 3.097485733189976109e+00
2.513627553552229017e+02 2.560065337854602330e-01 3.068089901579687417e+00
2.513733624183276731e+02 2.568067157389793964e-01 3.128527417087089368e+00
2.513824456207096318e+02 2.653151104127036697e-01 3.079455793565462063e+00
2.513676019353237905e+02 2.610743528244148792e-01 2.971009428500537730e+00
2.513386258373997180e+02 2.185758001819535223e-01 2.958708957075510515e+00
2.513325428004300761e+02 2.305888677528740438e-01 2.903186254238689923e+00
2.513272144570341595e+02 2.089074518236704869e-01 2.960342403440575421e+00
2.513264907782648265e+02 2.269249855264246218e-01 3.027692085021917112e+00
2.513159250682325592e+02 2.308473244562070925e-01 2.896286494086510732e+00
2.512888884294102922e+02 1.999979323463733361e-01 2.867928624596807641e+00
2.512949073691175386e+02 1.953395087254982954e-01 2.998168058886775178e+00
2.513028099412786389e+02 1.974753949218426841e-01 2.997030849392109619e+00
2.512980708791663176e+02 1.971714498387230063e-01 2.983345050037217838e+00
2.513210301050368116e+02 2.239248201141344763e-01 3.006850136465139212e+00
2.513060768340087634e+02 2.025059961955173182e-01 2.919696468447605664e+00
2.513270966007774518e+02 2.247229344140269647e-01 2.940381275328757038e+00
2.513072802084194848e+02 1.996402282689603846e-01 2.914978082871557241e+00
2.513049582333967464e+02 1.963443883880572338e-01 2.939088991812091489e+00
2.513056798445124400e+02 1.978206930774956684e-01 2.974909023240426720e+00
2.513243135389959377e+02 2.250062029608800029e-01 2.920198908278885064e+00
2.513269022413365406e+02 2.028637002729302696e-01 3.050554131171946182e+00
2.513390931271193551e+02 2.246443635762137014e-01 2.976453560499545237e+00
2.513229302787196957e+02 2.060664957406335429e-01 2.987579604664626576e+00
2.513312587875279007e+02 2.189810602927797500e-01 2.926021420891572244e+00
2.513235547101149621e+02 2.020263005541311774e-01 2.969961128111818560e+00
2.513060851046232642e+02 1.963319824662972390e-01 2.818145728227607449e+00
2.513194959060458302e+02 2.005727400545860573e-01 3.011585063270200813e+00
2.513347551898106076e+02 2.258022496071458163e-01 3.008223058473244560e+00
2.513240013232983188e+02 2.051567281449011571e-01 2.931936977917459330e+00
2.513379083615912748e+02 2.317943098172194072e-01 2.893890083533206425e+00
2.513155818377305479e+02 2.019187825655446300e-01 2.927541146307170550e+00
2.513212285997849733e+02 2.000165412290133282e-01 2.969677859564965772e+00
2.513261020593830040e+02 2.261578860309320926e-01 2.928109751054503551e+00
2.513088495575221373e+02 2.086489951203374382e-01 2.886169464891241265e+00
2.513171780663303423e+02 2.300802249607145911e-01 2.875831196757919095e+00
2.513076544537259167e+02 2.021296832354644024e-01 2.983200314283351418e+00
2.512946902654867358e+02 1.925647175585145920e-01 2.945587627160698219e+00
2.513038871888181234e+02 2.159416094615830006e-01 2.910563642378628746e+00
2.513011640889918112e+02 1.938694069969398859e-01 3.004259366470928949e+00
2.513244479364816755e+02 2.191237283930196067e-01 3.038150277065585936e+00
2.513114175833264312e+02 2.288251592093292486e-01 2.829914812670581536e+00
2.513016975436274834e+02 2.024067488214374433e-01 2.905125713340501292e+00
2.512947936481680529e+02 1.960528492266975509e-01 2.916154577785129653e+00
2.512897030849392195e+02 1.898953767264907888e-01 2.938096518071292795e+00
2.512985877925729881e+02 2.194297411297659317e-01 2.872448515424696147e+00
2.512929761806302338e+02 1.984079067074683567e-01 2.952446034240344019e+00
2.513064572822760852e+02 2.116491605326275838e-01 3.011045405673641540e+00
2.513139215118683296e+02 2.035377553552228935e-01 3.055675709205194046e+00
2.513293317343478748e+02 2.298548507154081488e-01 3.024015796873707806e+00
2.513409519477297067e+02 2.404970639318501358e-01 3.025368042345546460e+00
2.513301009014969907e+02 2.147547762798776017e-01 3.093788768505500109e+00
2.513078922338929715e+02 2.048672566371681492e-01 3.004705979654288317e+00
2.513260689769249723e+02 2.304710114961541767e-01 2.978043586138450216e+00
2.513377015962286123e+02 2.401290215863038646e-01 3.037242577123480114e+00
2.513148106029277926e+02 2.170746836489951259e-01 3.005423455462740812e+00
2.512052663137871207e+02 1.427177239268877795e-01 2.839423951699611148e+00
2.512610557439417676e+02 1.688528657679265466e-01 3.044411132247125895e+00
2.512829087751219959e+02 2.017719791580514510e-01 2.963749896617318580e+00
2.512957902572161117e+02 2.181209163840873433e-01 3.042395169961128243e+00
2.513102865767926630e+02 2.283868166404763866e-01 3.092475808452567865e+00
2.513380820444959056e+02 2.448370688942188289e-01 3.227640393681250330e+00
2.513496547018443437e+02 2.525018608882639848e-01 3.216735588454222139e+00
2.513583057646183079e+02 2.556943180878339383e-01 3.184089405342816814e+00
2.513670850219171200e+02 2.609461582995616369e-01 3.186448598130841248e+00
2.513801215780332541e+02 2.676308824745678439e-01 3.272717310396162649e+00
2.513876188900835302e+02 2.769725415598379148e-01 3.206573070879166210e+00
2.513805971383673921e+02 2.662558928128360147e-01 3.223161855925895214e+00
2.513860412703663769e+02 2.650504507484905958e-01 3.265528078736250173e+00
2.513812898023323044e+02 2.653295839880903118e-01 3.228585311388636025e+00
2.513968695724092299e+02 2.666673558845422121e-01 3.309354065007029888e+00
2.513415825820858629e+02 2.257443553055991925e-01 3.090590108345049991e+00
2.513151186833181612e+02 2.148333471176908371e-01 3.046356794309817317e+00
2.513006926639649237e+02 2.026796791001571341e-01 3.024993797039119858e+00
2.513388015879579882e+02 2.272061864196509851e-01 3.152632123066744008e+00
2.513318501364651354e+02 2.114858158961210877e-01 3.152646596642130650e+00
2.513306591679761937e+02 2.264887106111984072e-01 3.019624100570672542e+00
2.513158278885121035e+02 2.050554131171946071e-01 3.010100487966255844e+00
2.512996753783806128e+02 1.942601935323794438e-01 2.987170209246547081e+00
2.513203725911835136e+02 2.233872301712017117e-01 3.005878339260607213e+00
2.513065379207675107e+02 2.056508973616739677e-01 2.926805061616077897e+00
2.513022082540732640e+02 2.003142833512530085e-01 2.987784302373666545e+00
2.512962223968240778e+02 1.946282358779257426e-01 2.989823008849557429e+00
2.513096890248945385e+02 2.188363245389132461e-01 2.952406748821437610e+00
2.512986498221818010e+02 1.916115292366222800e-01 2.944359440906459291e+00
2.513150401124803466e+02 2.159498800760896453e-01 3.036390703829294324e+00
2.512979385493342193e+02 2.227710693904557115e-01 3.255671573897940707e+00
2.512868662641634216e+02 2.386609875113721024e-01 3.177851294351170086e+00
2.512843354561243814e+02 2.386568522041187523e-01 3.167711520966007832e+00
2.512811037135058996e+02 2.437226035894466958e-01 3.103362004796956342e+00
2.512692415846497340e+02 2.158754445455297322e-01 3.218307005210486960e+00
2.512512426598296145e+02 2.018340087668513694e-01 3.140348192870730415e+00
2.512757257464229497e+02 2.284839963609296143e-01 3.125403192457199442e+00
2.512777975353568820e+02 2.103093209825490084e-01 3.204993383508394800e+00
2.512871061119841158e+02 2.287755355222892972e-01 3.107319493838392344e+00
2.512914564552146146e+02 2.170850219171284456e-01 3.172425771234802738e+00
2.513013129600529396e+02 2.375155074021999824e-01 3.151073112232238849e+00
2.513065420560747611e+02 2.423951699611281152e-01 3.027892647423703565e+00
2.513101583822678151e+02 2.197977834753122028e-01 3.170856422132164454e+00
2.513089653461252055e+02 2.409416094615829951e-01 3.032214043503432155e+00
2.513118435199735359e+02 2.120626912579604562e-01 3.215308907451823739e+00
2.513246009428500543e+02 2.315772061864196374e-01 3.133607642047804287e+00
2.513379104292448858e+02 2.442560582251261381e-01 3.114293689521131281e+00
2.513193801174427335e+02 2.194442147051526015e-01 3.091092548176329391e+00
2.513067570920519529e+02 2.064945000413530851e-01 3.051616905136051550e+00
2.513273405839053964e+02 2.359482259531883175e-01 3.004135307253328779e+00
2.513193615085600925e+02 2.091369613762302515e-01 3.084325117856256515e+00
2.513265817550243924e+02 2.239165494996278316e-01 3.048230088495575085e+00
2.513437577537011123e+02 2.340129021586303815e-01 3.121786866264163240e+00
2.513103775535522288e+02 2.082954263501778092e-01 3.075022744189893409e+00
2.513185613266065559e+02 2.178438507981143024e-01 3.104031924571995837e+00
2.513120792324869797e+02 1.986787693325614002e-01 3.269599288727152331e+00
2.513339860226614917e+02 2.286287321147961182e-01 3.364461169464891377e+00
2.513455979654288228e+02 2.353403357869489620e-01 3.506593747415433171e+00
2.513211086758746262e+02 2.481184351997353377e-01 3.430839053841700625e+00
2.513018670912248922e+02 2.494851542469605499e-01 3.591764535604995423e+00
2.510338660987511332e+02 1.501488710611198485e-01 3.435373418244975774e+00
2.510961831114051677e+02 1.755313869820527561e-01 3.353368207757836394e+00
2.511400235712513336e+02 2.207323629145645505e-01 3.516235216276569542e+00
2.511863059300306134e+02 2.528285501612769770e-01 3.601970473906211279e+00
2.511991005706724138e+02 2.562029608799933911e-01 3.497926143412455335e+00
2.512120399470680638e+02 2.605657100322553710e-01 3.385336200479695634e+00
2.512262467951368876e+02 2.600674055082292657e-01 3.375953188321892284e+00
2.512348110164585364e+02 2.672545695145149280e-01 3.301106194690265561e+00
2.512399470680671527e+02 2.678149036473410072e-01 3.293129186998593916e+00
2.512402158630386282e+02 2.611446530477214423e-01 3.198724257712347807e+00
2.512413634108014264e+02 2.527665205524770586e-01 3.225583078322719288e+00
2.512422669754362801e+02 2.495595897775204630e-01 3.209635265900256496e+00
2.512490860970970061e+02 2.505996195517327108e-01 3.231331155404846722e+00
2.512617628814820989e+02 2.520697212802911480e-01 3.190747250020676606e+00
2.512555661235629714e+02 2.509759325117856266e-01 3.105826647919940342e+00
2.512595298155652870e+02 2.542035398230088616e-01 3.038431477958812188e+00
2.512623459598048044e+02 2.515466049127449977e-01 3.014864361922090730e+00
2.512121991563973324e+02 2.020986684310644155e-01 2.920215449507898242e+00
2.512202712761558132e+02 2.122487800843602668e-01 2.973395500785708467e+00
2.511979819700603684e+02 1.902675543792903823e-01 2.954718385576048156e+00
2.511887002729302765e+02 1.851211645025225283e-01 2.910460259697295715e+00
2.511829563311553954e+02 1.797680092630882520e-01 2.885420974278388950e+00
2.511722231411793871e+02 1.718406252584566973e-01 2.815224133653130512e+00
2.511947378215201354e+02 1.991253825159209345e-01 2.832912910429244757e+00
2.511909043916963071e+02 1.840149698122570399e-01 2.892409643536514974e+00
2.511564924323877221e+02 1.719502109006699198e-01 2.902328177983624080e+00
2.510436274915226136e+02 1.840707964601769886e-01 2.904646017699115124e+00
2.509634273426515563e+02 1.870316764535605025e-01 2.959569100984203338e+00
2.509439107600694854e+02 1.894466958895045794e-01 2.953084939210983251e+00
2.509347758663468824e+02 1.771669010007443645e-01 3.062685054999586320e+00
2.509558142419981834e+02 1.942953436440327530e-01 3.003696964684476001e+00
2.509567384831692891e+02 1.993342155322140319e-01 2.993921098337606335e+00
2.509804296584236170e+02 1.777871970887436870e-01 3.134717972045323098e+00
2.509780973451327384e+02 2.058328508808204560e-01 2.995668265652137841e+00
2.509842589529401948e+02 1.843106442808700729e-01 3.117194607559341524e+00
2.509602534943346370e+02 1.740282027954677124e-01 3.117918286328674071e+00
2.509916776941526848e+02 1.976284012902158604e-01 3.171937804978909980e+00
2.510384604251095766e+02 2.131585476800926249e-01 3.174886279050533666e+00
2.510724526507319467e+02 2.264184103878918164e-01 3.117068480688115262e+00
2.511095587627160626e+02 2.082230584732445711e-01 3.124770490447440263e+00
2.511196220329170501e+02 1.969977669340831905e-01 3.096261682242990698e+00
2.511448536101232207e+02 2.207116863782979110e-01 2.955756347696633757e+00
2.511371743445538129e+02 1.929017450996609040e-01 2.833144487635431474e+00
2.511427921594574570e+02 1.883983955007857147e-01 2.907418741212472124e+00
2.511452133818542620e+02 1.831982466297245871e-01 2.904689438425275050e+00
2.511605284922669625e+02 2.107766107021751822e-01 2.870531800512778009e+00
2.511508870234058293e+02 1.875382515920932802e-01 2.925241915474319665e+00
2.511484265155901028e+02 1.861343147795881114e-01 2.799826317095360118e+00
2.511540071127284648e+02 1.726035894466958764e-01 2.807943925233644666e+00
2.511517740468116813e+02 1.686585063270200913e-01 2.830770821272020399e+00
2.511774625754693488e+02 1.998304524026135176e-01 2.843861136382433319e+00
2.511787507236787746e+02 1.876044165081465487e-01 2.886467207013481140e+00
2.511861694648912362e+02 2.036059879249028093e-01 2.880415184848234222e+00
2.511204201472169473e+02 1.985919278802414922e-01 2.942202878173848291e+00
2.510063911173600104e+02 1.953498469936316151e-01 3.047812422462989002e+00
2.509336221156231943e+02 1.930754280043007198e-01 3.039446695889504557e+00
2.508892668100239973e+02 2.015341989909850418e-01 3.118391779009180187e+00
2.508117711520966111e+02 1.705979654288313496e-01 3.209045984616656799e+00
2.508114816805888552e+02 1.898829708047307940e-01 3.290552890579770295e+00
2.507833161028864311e+02 1.717641220742701091e-01 3.245839880903151009e+00
2.507800822926143383e+02 1.262343892151186753e-01 3.058671739310230731e+00
2.508685468530311766e+02 1.566640476387395620e-01 3.217120172028781866e+00
2.509052415019436069e+02 1.970701348110164564e-01 3.296054916880324370e+00
2.509271917128442624e+02 1.992453064262674767e-01 3.272514680340749216e+00
2.509416322057728905e+02 2.039678273095691108e-01 3.275663716814159354e+00
2.509370109999173053e+02 2.109730377967082848e-01 3.207102390207592357e+00
2.509355739806467511e+02 2.066268298734595943e-01 3.315838226780249975e+00
2.509285170788189703e+02 2.128525349433462999e-01 3.253500537589943065e+00
2.509405466876188768e+02 2.123769746092134536e-01 3.271245141013977342e+00
2.509722376147547891e+02 2.377574228765197140e-01 3.193290463981473870e+00
2.510024708460838667e+02 2.349454139442560541e-01 3.187807046563559510e+00
2.510589674137788450e+02 2.458729633611777265e-01 3.313336365891985658e+00
2.510601893970722074e+02 2.469440079397899335e-01 3.090573567116036813e+00
2.510612252915391593e+02 2.413634108014225399e-01 3.214177900918038233e+00
2.510554958233396690e+02 2.383839219253990616e-01 3.268300802249607173e+00
2.510439831279464045e+02 2.307604830038871846e-01 3.175051691340666782e+00
2.510158878504672941e+02 2.256202960879993280e-01 3.146059052187577532e+00
2.509761847655280746e+02 2.104023653957489137e-01 3.088433545612438991e+00
2.509296067322802060e+02 1.983851625175750422e-01 3.092765279960301150e+00
2.509012550657513714e+02 1.996629724588536992e-01 3.014450831196757719e+00
2.508851666528823046e+02 2.027541146307170750e-01 3.247769001736829253e+00
2.508619985939955370e+02 2.107786783558018295e-01 3.376350177818211673e+00
2.509017244231246480e+02 1.966462658175502365e-01 3.414432222314117915e+00
2.509928996774460472e+02 2.252171036307997753e-01 3.333663468695724053e+00
2.510648292118104337e+02 2.422545695145149336e-01 3.397946819948722386e+00
2.510998656025142566e+02 2.443945910181126446e-01 3.321979158051443282e+00
2.511173806963857373e+02 2.484782069307749641e-01 3.338658919857745211e+00
2.511310892399305317e+02 2.464787858737904347e-01 3.264831279464064373e+00
2.511119344967331131e+02 2.056219502109006836e-01 3.325479695641386346e+00
2.511401104127036774e+02 2.270469770903978113e-01 3.411620213381854061e+00
2.511464953271027980e+02 2.241977503928541948e-01 3.281879083615912851e+00
2.511760958564221369e+02 2.367070548341741743e-01 3.405005789430154639e+00
2.511809238276403846e+02 2.383301629311057879e-01 3.327681746753783809e+00
2.511496340253080746e+02 2.055909354065006966e-01 3.262999338350839551e+00
2.511694235381688998e+02 2.296873707716483304e-01 3.257844677859564886e+00
2.511892213216441974e+02 2.339984285832437394e-01 3.323234223802828513e+00
2.512311533371929499e+02 2.544909436771152222e-01 3.392281449011661731e+00
2.512500248118435309e+02 2.587275659581507181e-01 3.342118104375154886e+00
2.512274398312794688e+02 2.274997932346373430e-01 3.338055164998759317e+00
2.512414254404102110e+02 2.448660160449921408e-01 3.244750227441898893e+00
2.512681581341493597e+02 2.540877512199156141e-01 3.333487718137457811e+00
2.512795757174758080e+02 2.616346869572409028e-01 3.286578860309321115e+00
2.512558617980315887e+02 2.295943263584484251e-01 3.239758911587130807e+00
2.512738235050864262e+02 2.537900090976759615e-01 3.125153006368373010e+00
2.512356587544454669e+02 2.098068811512695531e-01 3.145602100736084594e+00
2.512172090811347402e+02 2.114672070134810955e-01 3.068968654371019955e+00
2.510027086262509215e+02 1.711417583326441116e-01 3.128849971052849011e+00
2.508976035894467032e+02 1.811388636175667866e-01 3.112873211479612934e+00
2.509053386816640341e+02 1.955235298982714309e-01 3.219446282358779055e+00
2.509464560416838879e+02 2.138201968406252540e-01 3.086614010420974274e+00
2.509804027789264751e+02 2.162745016954759625e-01 3.107679265569431859e+00
2.509912848399636118e+02 1.923414109668348249e-01 3.114467372425771430e+00
2.510229943759821367e+02 1.849330080224960704e-01 3.133330576461831107e+00
2.510370688942188337e+02 2.009387147465056533e-01 3.049065420560747697e+00
2.510407451823670613e+02 1.912455545447026839e-01 2.983622115623191018e+00
2.510715614920188443e+02 1.821644198163923645e-01 3.095666197998511393e+00
2.510964808535274244e+02 2.071209990902324050e-01 2.995167893474484977e+00
2.510908671739310307e+02 1.858551815399884233e-01 2.941421305102969175e+00
2.510848792490282051e+02 1.742866594988007611e-01 2.848368621288561719e+00
2.511045591762467950e+02 1.924634025308080421e-01 2.874894549665039989e+00
2.510002605243569462e+02 1.312670581424199845e-01 2.752342651559010811e+00
2.510398953767264913e+02 1.535563642378628690e-01 2.772318253246216280e+00
2.510737635431312640e+02 1.793069225043420756e-01 2.893420726159953826e+00
2.510836324538913118e+02 1.925915970556612289e-01 2.823511289388801693e+00
2.510928500537590082e+02 1.927776858820610395e-01 2.843985195600033045e+00
2.510994169216772889e+02 1.986353486064014462e-01 2.892839715490861163e+00
2.511154453725911821e+02 2.065916797618063128e-01 2.905375899429327724e+00
2.511319866016044955e+02 2.099392109833760622e-01 2.846966752129683087e+00
2.511328529484740670e+02 2.116532958398809061e-01 2.898912414192374332e+00
2.511341183524936014e+02 2.217248366553634942e-01 2.874685716648746947e+00
2.510938404598461773e+02 2.124989661731866708e-01 2.862387312877346712e+00
2.508599081961789636e+02 1.637312877346786821e-01 2.901852617649491428e+00
2.508146017699114907e+02 1.817467537838061420e-01 2.948128773467868502e+00
2.508346290629393707e+02 1.962906293937639601e-01 2.916472996443635779e+00
2.508652055247704880e+02 2.026527996030104972e-01 2.853541890662476099e+00
2.508803593582003089e+02 1.863658919857745511e-01 2.896036307997684300e+00
2.508915991233148759e+02 1.708998428583243800e-01 2.841202133818542919e+00
2.509092258704821745e+02 1.935737325283268528e-01 2.799971052849226538e+00
2.508901331568935689e+02 1.615416425440410197e-01 2.743348358283020261e+00
2.508991894797783573e+02 1.510420974278388895e-01 2.739047638739558366e+00
2.509022330659167892e+02 1.535729054668761862e-01 2.817876933256140859e+00
2.509263274336283303e+02 1.746298900008270705e-01 2.796042510958564264e+00
2.509202878173848319e+02 1.586779422711107335e-01 2.736361756678521218e+00
2.509321416756264966e+02 1.557191299313538946e-01 2.838472831031345844e+00
2.509598234223802820e+02 1.831155404846580015e-01 2.695333305764618270e+00
2.509728992639153091e+02 1.700396989496319455e-01 2.861951037962120470e+00
2.509734471921263719e+02 1.666528823091555644e-01 2.798534033578695013e+00
2.509887230171201793e+02 1.827743776362583672e-01 2.788208171367132504e+00
2.509755520635183075e+02 1.662331486229426947e-01 2.812060623604333731e+00
2.509859048052270225e+02 1.874679513687866894e-01 2.803525349433463099e+00
2.509711396906790242e+02 1.606587544454552985e-01 2.791981639235795232e+00
2.509926060706310409e+02 1.796025969729550809e-01 2.831943180878339295e+00
2.509923682904639861e+02 1.657058969481432498e-01 2.881513108923992927e+00
2.510122839301960198e+02 1.649284591845174008e-01 2.928308245802663023e+00
2.510134438838805693e+02 1.810086014390869247e-01 2.813148209411959311e+00
2.508278388884293975e+02 1.540732776445289942e-01 2.916735588454222317e+00
2.507788727152427555e+02 1.648416177321974929e-01 3.052193780497891140e+00
2.508037858737904173e+02 1.804586055743941653e-01 3.002832685468530105e+00
2.508282110660822184e+02 2.001178562567198782e-01 2.970436688445951656e+00
2.508723244562071102e+02 2.120089322636671825e-01 2.990993300802249788e+00
2.508692870730295397e+02 1.869489703084939169e-01 2.939585228682491280e+00
2.508691009842031292e+02 1.691568108510462243e-01 3.002884376809197065e+00
2.508863059300306020e+02 1.934703498469936278e-01 3.001385327929865010e+00
2.508993011330741751e+02 1.949363162682987427e-01 2.919462823587792411e+00
2.509048610536762851e+02 1.667583326441154645e-01 2.936264576958067973e+00
2.509100549995864640e+02 1.662310809693160196e-01 2.948680836986187881e+00
2.509301918782565508e+02 1.886444462823587687e-01 2.921927466710776411e+00
2.509483086593333780e+02 1.706765362666446129e-01 2.982079646017699037e+00
2.509772413365313071e+02 1.934455380034736660e-01 2.989882970804730977e+00
2.509591348937225916e+02 1.764866429575717433e-01 2.863834670416011807e+00
2.509795943263584377e+02 1.898230088495575230e-01 2.856883218923166101e+00
2.509540588040691489e+02 1.631688859482259557e-01 2.742918286328674071e+00
2.509397299644363670e+02 1.529029856918369124e-01 2.765418493094037089e+00
2.509512798775949136e+02 1.517326937391448305e-01 2.753060127367463306e+00
2.509706186419651033e+02 1.750165412290133060e-01 2.727735505748077216e+00
2.509742907948060520e+02 1.610102555619882525e-01 2.774737407989413818e+00
2.509852927797535358e+02 1.551877429493011273e-01 2.831176081382846821e+00
2.509882681333222934e+02 1.767016789347448380e-01 2.737623025390786502e+00
2.510076916714911874e+02 1.941650814655528912e-01 2.712581672318253201e+00
2.508997932346373432e+02 1.594760565710032219e-01 2.739936729799024029e+00
2.502644115457778469e+02 1.051960135638077970e-01 2.855363493507567796e+00
2.503215180712927008e+02 1.260483003887188924e-01 2.808493921098337509e+00
2.503843478620461553e+02 1.566785212141262040e-01 2.824472748325200566e+00
2.504574042676370880e+02 1.690182780580597177e-01 2.811390703829294679e+00
2.505270883301629397e+02 1.801587957985278377e-01 2.836475477627987907e+00
2.505608675874617575e+02 1.941299313538995819e-01 2.819872219005872260e+00
2.505996774460342351e+02 1.989165494996278094e-01 2.722318253246216013e+00
2.506553076668596418e+02 1.996960549168803334e-01 2.753727979488875821e+00
2.507020841948556722e+02 1.692333140352328125e-01 2.836841452319907475e+00
2.507102328177983566e+02 1.625299809775866411e-01 2.801488710611198307e+00
2.507407058969481568e+02 1.729033992225622318e-01 2.728918203622529237e+00
2.507672979902406780e+02 1.592879000909767639e-01 2.688398395500785742e+00
2.507956186419650919e+02 1.530766685964767282e-01 2.665337854602596757e+00
2.508224050946985244e+02 1.567446861301794725e-01 2.667585394094781126e+00
2.508450459019105097e+02 1.532792986518898282e-01 2.680026465966421245e+00
2.508671987428666057e+02 1.588268133322305875e-01 2.764688611363824489e+00
2.508799830452402659e+02 1.838123397568439399e-01 2.672924075758829066e+00
2.508957613100653248e+02 1.611343147795881170e-01 2.778196592506823048e+00
2.509135596724836716e+02 1.775721611115705922e-01 2.703169713009676567e+00
2.509101914647258411e+02 1.611467207013481118e-01 2.709641468861136548e+00
2.509325117856256782e+02 1.552580431726077181e-01 2.841336531304275770e+00
2.509455938301215667e+02 1.803945083119675719e-01 2.786657431147134378e+00
2.509747063931850164e+02 1.954532296749648401e-01 2.850994541394425763e+00
2.509617463402530859e+02 1.791869985939955334e-01 2.857945992887271469e+00
2.509603382681333130e+02 1.962637498966173233e-01 2.797700769167148938e+00
2.507411711190141546e+02 1.599206021007360812e-01 2.939750640972624396e+00
2.506263811926226026e+02 1.643122984037714007e-01 2.964721693821851023e+00
2.506199735340335906e+02 1.751840211727731245e-01 2.981978330989992543e+00
2.506584939210983407e+02 1.885059134893722621e-01 2.927541146307170550e+00
2.506766810023984817e+02 1.852596972955090626e-01 2.899580266313787291e+00
2.506498676701679074e+02 1.592093292531635007e-01 2.885185261764949161e+00
2.505757092051939594e+02 1.365912662310809766e-01 2.897725581010669238e+00
2.504807811595401574e+02 1.448970308493921222e-01 2.879869324290794896e+00
2.503351252998097891e+02 1.280849392109833784e-01 2.957499379703912190e+00
2.503121019766768711e+02 1.458936398974443882e-01 2.951186833181705271e+00
2.503169092713588668e+02 1.550119923910346642e-01 2.908359523612604303e+00
2.503438528657679285e+02 1.416011909684889714e-01 2.842515093871474718e+00
2.504113369448349999e+02 1.413985609130758436e-01 2.895657927384004626e+00
2.504759717972045223e+02 1.523054337937308766e-01 2.938119262261186027e+00
2.505253039450831238e+02 1.693015466049127560e-01 2.864126209577371629e+00
2.505792676370854224e+02 1.598378959556694956e-01 2.865776197171449713e+00
2.506320610371350597e+02 1.517781821189314317e-01 2.810846910925481890e+00
2.506767388967000159e+02 1.815689355719130038e-01 2.807410470597965446e+00
2.507220949466545505e+02 1.661463071706227868e-01 2.908061781490364872e+00
2.507431912166073857e+02 1.600653378546025851e-01 2.872225208833016463e+00
2.507941898933090670e+02 1.840666611529236663e-01 2.863485236953105417e+00
2.508196447771069302e+02 1.683504259366470912e-01 2.893708130014060131e+00
2.508449466545364430e+02 1.845773715987097940e-01 2.847214870564882983e+00
2.508694235381688884e+02 1.691030518567529506e-01 3.027741708708957091e+00
2.508977131750889100e+02 1.897837234306508913e-01 2.990552890579770029e+00
2.508983086593333951e+02 1.929989248201141316e-01 3.011285253494334846e+00
2.508533558018360736e+02 1.934703498469936278e-01 3.014053841700438330e+00
2.508560396162434927e+02 1.950376312960052927e-01 3.109780001654122827e+00
2.508720763377718868e+02 1.787321147961293544e-01 3.122789678273095504e+00
2.509120234058390508e+02 2.132950128194524841e-01 3.048728393019601413e+00
2.509001261268712142e+02 1.834422297576709937e-01 3.013671325779505583e+00
2.509090377140021531e+02 1.777417087089570857e-01 3.060786948970308341e+00
2.509633384335456014e+02 1.953477793400049678e-01 3.019206434538086015e+00
2.509547287238441697e+02 1.697709039781655771e-01 3.048000578943015348e+00
2.509635389959474026e+02 1.935592589529402108e-01 2.937714002150359605e+00
2.508697378215201468e+02 1.264225456951451609e-01 2.938840873376892038e+00
2.509218695724092356e+02 1.497746257546935800e-01 2.943497229344140376e+00
2.509681560664957374e+02 1.833988090315110397e-01 2.947758663468695861e+00
2.509975808452568060e+02 1.945186502357125202e-01 2.973397568439335004e+00
2.510299313538995989e+02 2.107104457861219138e-01 2.992436523033661366e+00
2.510569493838392248e+02 2.243259449177073817e-01 3.025297742122239786e+00
2.510634955752212250e+02 2.192209081134728343e-01 2.990540484658009923e+00
2.510954077412951904e+02 2.303200727814076476e-01 2.996069390455710746e+00
2.511004155983789587e+02 2.188983541477131645e-01 2.980632288479033942e+00
2.511158816475063986e+02 2.201678934744851490e-01 3.020728227607311300e+00
2.511296150028947238e+02 2.276465966421305220e-01 3.037829790753452830e+00
2.511362356298072882e+02 2.332478703167645273e-01 2.959614589363989801e+00
2.511419340832023863e+02 2.337275659581506959e-01 2.970688942188404624e+00
2.511194338764370286e+02 1.984306508973616712e-01 2.979346207923248890e+00
2.510088020014887036e+02 1.660201802993962472e-01 2.972181788106856182e+00
2.509593540650070338e+02 1.794433876437019348e-01 3.123625010338268115e+00
2.509457551071044463e+02 1.860846910925481879e-01 2.972580845256802551e+00
2.509701306757092141e+02 1.946675212968323465e-01 3.036353486064014451e+00
2.510106670250599734e+02 1.957613100653378679e-01 3.118348358283020261e+00
2.510642709453312307e+02 2.220846083864031206e-01 3.146102472913737458e+00
2.511735257629641751e+02 2.051877429493011440e-01 3.392140848565048383e+00
2.512307108593168437e+02 2.417397237614754835e-01 3.424958646927466877e+00
2.512417562649904994e+02 2.525039285418906876e-01 3.293344222975767011e+00
2.512609875113720932e+02 2.579397899263915495e-01 3.334333388470763548e+00
2.512615995368455799e+02 2.599764287486560077e-01 3.263780911421718667e+00
2.512331692994789591e+02 2.209722107352576348e-01 3.199425192291787123e+00
2.512218592341411068e+02 2.340811347283103250e-01 3.096176908444297382e+00
2.511340004962368653e+02 1.973182532462161853e-01 3.041683897113555357e+00
2.510920064510793281e+02 1.996071458109337504e-01 2.836171532544867979e+00
2.510625093044413063e+02 1.726800926308824646e-01 2.942949301133074069e+00
2.510840418493094148e+02 1.969936316268298682e-01 2.965925068232569739e+00
2.511444917707385684e+02 1.931643371102473028e-01 3.134664213051029602e+00
2.511951141344801783e+02 2.140104209742783870e-01 3.101219915639731983e+00
2.512454470267140891e+02 2.263873955834918572e-01 3.141634273426515467e+00
2.512798176329501416e+02 2.398622942684641435e-01 3.198066743859068861e+00
2.513196737242577115e+02 2.488793317343478695e-01 3.327348854519891042e+00
2.513469646844760632e+02 2.602286824911090868e-01 3.343404184930940382e+00
2.513625589281283510e+02 2.734285832437350350e-01 3.278519146472583135e+00
2.514034012902158679e+02 2.820610371350591450e-01 3.481508973616739944e+00
2.514333285088082164e+02 2.580741874121247337e-01 3.563572078405425447e+00
2.514581961789760953e+02 2.822595318832189504e-01 3.576248862790505356e+00
2.514833657265734814e+02 2.895211314200645258e-01 3.625696799272185800e+00
2.514999255644694358e+02 3.058990157968737300e-01 3.606045819204366953e+00
2.515285542965842467e+02 3.087503101480439938e-01 3.774625754693573754e+00
2.515417831444876242e+02 3.104581920436688680e-01 3.789996691754197400e+00
2.515358675874617518e+02 3.072491936150856251e-01 3.753002233065916737e+00
2.515146431229840402e+02 3.086159126623108095e-01 3.546964684476056728e+00
2.515181498635348589e+02 3.085104623273509095e-01 3.550767099495492296e+00
2.515197584980564045e+02 3.056384914399140063e-01 3.588615499131585285e+00
2.515370378794144415e+02 3.183235464395004488e-01 3.550062029608799907e+00
2.515425026879497068e+02 3.158795798527830878e-01 3.662135059134893567e+00
2.515455690182780586e+02 3.282627574228765277e-01 3.502849226697543727e+00
2.515447440244810196e+02 3.241936150856008503e-01 3.570378794144404733e+00
2.515429555040939533e+02 3.144384252749979347e-01 3.607631709536018416e+00
2.515288292945165836e+02 2.986870399470680781e-01 3.660619469026548778e+00
2.515112666446116805e+02 2.935468530311802215e-01 3.660247291373749157e+00
2.515049478951285948e+02 2.995761310065337968e-01 3.672351335704242992e+00
2.515061967579191275e+02 3.077578364072450778e-01 3.664326771979157904e+00
2.514977710693904669e+02 3.028223472003969685e-01 3.663313621702092515e+00
2.514424716731453202e+02 2.539244065834091457e-01 3.610836572657348587e+00
2.512064614175833128e+02 1.565606649574063369e-01 3.423641551567281560e+00
2.512574766355140241e+02 1.847800016541228940e-01 3.334767595732362810e+00
2.512960983376064803e+02 2.285377553552228880e-01 3.395325035150111859e+00
2.513154226284012793e+02 2.553986436192209331e-01 3.336539574890414528e+00
2.512968447605657047e+02 2.477917459267223454e-01 3.068118848730460702e+00
2.512972458853692785e+02 2.482921181043751535e-01 3.074251509387147419e+00
2.512791435778678419e+02 2.384128690761723735e-01 3.091156645438756012e+00
2.512656169878422077e+02 2.376891903068397982e-01 2.962244644777106917e+00
2.512732424944173317e+02 2.386341080142254656e-01 3.047622198329335674e+00
2.512766913406666163e+02 2.380303531552394325e-01 3.064789926391530805e+00
2.512875051691340786e+02 2.453229674964849949e-01 2.982118931436605891e+00
2.512874534777934059e+02 2.468737077164833427e-01 3.038224712596145682e+00
2.512582933586965623e+02 2.286845587627160670e-01 3.044084442974113180e+00
2.512360805557852927e+02 2.248945496650401055e-01 2.989628649408651029e+00
2.512194855677776957e+02 2.265590108345049980e-01 3.013061367959639192e+00
2.511911256306343603e+02 2.094884624927632055e-01 3.030677776858820671e+00
2.511403792076751245e+02 2.111343147795881336e-01 3.038404598461665884e+00
2.510065193118848867e+02 1.726924985526424594e-01 2.974644363576213646e+00
2.509544723347944739e+02 1.824849061285253593e-01 2.927812008932263677e+00
2.509252770655859592e+02 1.838268133322305820e-01 2.964355719129931455e+00
2.508814014556281506e+02 1.637106111984120427e-01 2.978802415019436101e+00
2.508587503101480536e+02 1.795219584815151703e-01 2.948064676205441881e+00
2.507820341576379235e+02 1.504507484906128512e-01 2.824590604581920239e+00
2.507185778678355916e+02 1.394901166156645445e-01 2.906335290712100061e+00
2.506469750227441864e+02 1.501984947481597998e-01 2.788756099578198810e+00
2.503816495740633457e+02 1.136527168968654439e-01 2.776230253907865375e+00
2.501569163013811874e+02 1.206083036969646805e-01 2.834345794392523210e+00
2.499836572657348484e+02 1.171098337606484158e-01 2.738559672483665608e+00
2.498367608138284766e+02 1.117463402530808059e-01 2.870740633529071051e+00
2.497739310230750220e+02 1.208895045901910575e-01 2.828163510048796514e+00
2.496730543379373159e+02 1.110516086345215425e-01 2.834434703498470043e+00
2.496248635348606513e+02 1.052890579770076884e-01 2.797088743693656454e+00
2.496070920519394463e+02 1.248159788272268644e-01 2.734717972045323187e+00
2.495703250351501197e+02 1.105181539988421141e-01 2.834722107352576348e+00
2.495322202464643055e+02 1.125940782400132317e-01 2.748188735423041873e+00
2.494878587379042187e+02 1.119365643867339388e-01 2.753829294516582760e+00
2.491867504755603306e+02 1.110743528244148570e-01 2.834964022826896191e+00
2.487388491439913878e+02 1.271255479282110690e-01 2.794237449342486190e+00
2.484171842692911980e+02 1.375920105863865650e-01 2.941634273426515733e+00
2.483253825159209214e+02 1.441154577785129509e-01 2.915978827226862968e+00
2.483140248945496751e+02 1.537941444049292783e-01 2.897396824084029543e+00
2.482871433297493979e+02 1.438197833098999179e-01 2.972376147547762582e+00
2.483041807956331297e+02 1.591783144487635415e-01 2.936744272599454142e+00
2.482639359854437089e+02 1.506947316185592578e-01 2.904331734347862071e+00
2.482168017533702766e+02 1.507092051939458999e-01 2.999911090894053611e+00
2.482155859730378040e+02 1.633074187412124623e-01 2.863706475891158565e+00
2.482056260855181620e+02 1.615457778512943421e-01 2.927537010999917477e+00
2.481720246464312254e+02 1.414791994045157542e-01 3.057776445289885014e+00
2.481873666363410678e+02 1.527975353568770123e-01 2.950624431395252767e+00
2.482215925068232707e+02 1.505086427921594472e-01 2.983806136795963848e+00
2.482764907782648152e+02 1.665825820858489736e-01 2.968619220908113476e+00
2.484123893805309820e+02 1.659767595732362933e-01 2.948201141344801712e+00
2.485117215284095664e+02 1.807149946241005667e-01 2.894599288727152331e+00
2.487177900918038347e+02 1.704863121329914799e-01 2.874863534860640168e+00
2.489344036886940614e+02 1.660429244892895617e-01 2.820500785708377922e+00
2.490591555702588664e+02 1.682987345959804926e-01 2.802109006699197824e+00
2.491815627326110416e+02 1.507278140765858920e-01 2.737230171201720186e+00
2.490717682573815352e+02 1.420250599619551635e-01 2.749383839219254000e+00
2.486931477958812309e+02 1.406872880655032632e-01 2.892773550574807562e+00
2.481141944421470384e+02 1.384025308080390482e-01 3.009804813497642950e+00
2.471854168389711219e+02 1.303779670829542658e-01 2.825215035977173272e+00
2.471828550161276894e+02 1.257319493838392199e-01 2.691315854768009164e+00
2.471306074766355039e+02 1.318211893143660662e-01 2.655193945910180986e+00
2.470879559176246687e+02 1.375361839384666163e-01 2.702057315358531220e+00
2.471011723596063234e+02 1.418637829790753424e-01 2.721946075593416392e+00
2.471342051939459168e+02 1.502832685468530327e-01 2.627644528988503758e+00
2.471361363824332216e+02 1.558142419981804749e-01 2.702259945413944209e+00
2.471525184021172663e+02 1.602886444462823523e-01 2.609711769084443134e+00
2.471767120172028740e+02 1.657472500206765287e-01 2.638439748573318866e+00
2.472644074104705965e+02 1.613927714829211935e-01 2.659488462492763272e+00
2.474722479530229009e+02 1.576730626085518228e-01 2.554362749152261802e+00
2.477617463402530689e+02 1.534777934000496336e-01 2.570097593251178481e+00
2.480199673310727064e+02 1.755789430154660602e-01 2.538745761310065241e+00
2.485905777024233032e+02 1.486932429079480533e-01 2.605890745182366963e+00
2.491495513191630096e+02 1.247932346373335499e-01 2.396236870399470753e+00
2.495940120750971687e+02 1.185861384500868365e-01 2.513940120750971730e+00
2.499550719543462094e+02 1.188880158795798531e-01 2.539779588123397769e+00
2.502471631792242022e+02 1.289492184269291075e-01 2.427290960218344118e+00
2.504282482838474948e+02 1.317281449011661609e-01 2.385600860143908708e+00
2.503972314117938822e+02 1.215366801753370307e-01 2.501042097427838673e+00
2.501529153916135897e+02 1.129166322057728877e-01 2.663611363824331946e+00
2.501065255148457425e+02 1.239599702257877800e-01 2.636467207013481140e+00
2.500822802084194905e+02 1.225229509552559770e-01 2.691255892812836059e+00
2.501283992225622228e+02 1.341989909850301865e-01 2.716417169795716013e+00
2.501669857745430363e+02 1.339736167397237721e-01 2.570897775204697755e+00
2.501758828880985845e+02 1.356029277975353553e-01 2.589907782648250834e+00
2.501550802249607273e+02 1.247105284922669782e-01 2.556728144901166289e+00
2.501438011744272671e+02 1.309362335621536699e-01 2.578665949880075914e+00
2.500796150028947125e+02 1.114051774046811716e-01 2.529511620213381828e+00
2.500265755520635196e+02 1.231101645852286791e-01 2.520112066826565300e+00
2.499129621205855472e+02 1.112625093044413149e-01 2.564823008849557606e+00
2.498314221321644197e+02 1.082458026631378661e-01 2.588510048796625718e+00
2.498379662558928089e+02 1.224960714581093402e-01 2.567362087503101353e+00
2.498271875775370177e+02 1.199032338102720974e-01 2.562521710363080185e+00
2.498903109751054501e+02 1.252129683235464475e-01 2.539746505665370968e+00
2.499689355719129935e+02 1.254259366470928672e-01 2.470781986601604530e+00
2.500457261599536878e+02 1.270138946323711715e-01 2.470426350177818087e+00
2.501191712844264430e+02 1.312567198742866648e-01 2.462137126788520369e+00
2.501714725829129122e+02 1.256781903895459462e-01 2.342647423703581033e+00
2.502154391696303151e+02 1.274170870895707519e-01 2.427787197088743909e+00
2.502536287321148052e+02 1.271524274253577058e-01 2.375026879497146748e+00
2.501936336944835091e+02 1.039450831196757907e-01 2.310592589529401941e+00
2.497836676040029715e+02 1.021214126209577383e-01 2.433864031097510594e+00
2.495423786287321093e+02 1.097427838888429402e-01 2.511117773550574750e+00
2.493381792242163613e+02 1.085662889752708610e-01 2.554106360102555762e+00
2.492825448680837042e+02 1.082127202051112458e-01 2.566408899181209069e+00
2.492691133901248861e+02 1.123128773467868685e-01 2.551877429493011551e+00
2.492375320486312091e+02 1.133384335456124326e-01 2.560379621205855383e+00
2.492543689521131398e+02 1.141654949962782190e-01 2.581192622611859999e+00
2.492887209494665512e+02 1.273881399387974400e-01 2.557393929368952268e+00
2.493313952526672779e+02 1.266623935158382175e-01 2.495434620792325031e+00
2.493924861467206995e+02 1.297948887602348722e-01 2.487343892151186786e+00
2.494897651145480211e+02 1.314655528905797621e-01 2.443821850963526554e+00
2.496374948308659327e+02 1.354251095856422171e-01 2.447733851625175650e+00
2.498265135224547180e+02 1.347551898106029156e-01 2.451488710611198218e+00
2.499785646348523755e+02 1.386444462823587798e-01 2.410873790422628282e+00
2.500814820941195933e+02 1.395438756099578181e-01 2.408491853444711062e+00
2.501676246795136933e+02 1.376085518153998821e-01 2.436030932098254720e+00
2.502157162352162629e+02 1.402923662228103552e-01 2.351751302621784667e+00
2.502543792903812800e+02 1.495141013977338562e-01 2.308156893557191225e+00
2.504078674220494634e+02 8.223885534695227206e-02 2.172456786039202559e+00
2.504583264411545827e+02 1.125982135472665679e-01 2.274607145810933595e+00
2.504801050368042468e+02 1.197564304027789323e-01 2.329941692167727840e+00
2.504790753452981562e+02 1.226263336365892020e-01 2.361802166901000533e+00
2.504799685716648696e+02 1.208936398974443799e-01 2.314012488627905206e+00
2.502116346869572396e+02 1.093912827723099862e-01 2.433479447522950867e+00
2.495687288065503253e+02 1.010379621205855644e-01 2.499024067488214484e+00
2.493563104788685791e+02 1.092341410966834875e-01 2.593085766272434256e+00
2.492896369200231561e+02 1.160987511372094938e-01 2.595025225374245181e+00
2.492660181126457815e+02 1.201554875527251626e-01 2.673432718550988518e+00
2.492712658175502440e+02 1.349123314862294143e-01 2.659622859978496567e+00
2.492588040691423430e+02 1.242473740798941406e-01 2.708340914729964410e+00
2.492997870316764590e+02 1.313952526672731713e-01 2.732764039368125175e+00
2.493788871888181404e+02 1.360867587461748462e-01 2.603118021669009963e+00
2.494440224133653032e+02 1.378546025969729638e-01 2.556695062443139488e+00
2.494831010669092848e+02 1.356918369034819383e-01 2.634223802828550287e+00
2.495146906790174626e+02 1.446406417996857208e-01 2.543916963030353084e+00
2.495556963857414701e+02 1.401538334298238486e-01 2.549129517823174318e+00
2.495990819617897500e+02 1.365023571251343937e-01 2.570384997105284786e+00
2.496624596807542673e+02 1.308473244562070870e-01 2.501494913572078538e+00
2.496909519477297295e+02 1.300243983127946368e-01 2.450713340501199156e+00
2.497297163179224242e+02 1.289905714994624142e-01 2.468460011578860414e+00
2.497805268381440840e+02 1.289057977007691536e-01 2.437844264328839827e+00
2.498312567198742897e+02 1.269249855264246163e-01 2.471813745761310077e+00
2.498906087172276784e+02 1.266706641303448899e-01 2.424363162682987127e+00
2.499640497063931832e+02 1.301298486477545369e-01 2.464843685385824212e+00
2.500431395252667244e+02 1.295302290960218261e-01 2.417717723926887885e+00
2.501072161111570722e+02 1.361529236622281147e-01 2.410939955338681884e+00
2.501640290298569198e+02 1.371205855595070688e-01 2.358770986684310511e+00
2.501923931023075056e+02 1.310230750144735778e-01 2.343122984037714129e+00
2.502136134314779667e+02 1.240757588288809860e-01 2.424700190224133856e+00
2.501438983541477228e+02 1.125734017037465923e-01 2.476862955917624731e+00
2.495862149532710248e+02 1.168637829790753480e-01 2.468573732528327014e+00
2.488004011248035852e+02 1.392957571747580892e-01 2.627669340832023970e+00
2.485040133156893489e+02 1.394053428169713116e-01 2.579650153006368463e+00
2.484410222479530148e+02 1.453622529153916210e-01 2.650392854189066227e+00
2.484129249028202935e+02 1.528223472003970018e-01 2.620207178893391831e+00
2.484071292697047397e+02 1.475539657596559306e-01 2.709614589363989801e+00
2.484420353982300753e+02 1.467269043089901581e-01 2.778008436026796701e+00
2.485370606236043329e+02 1.515631461417583370e-01 2.666313787114382716e+00
2.486717765279960304e+02 1.535749731205028612e-01 2.592825241915474255e+00
2.487632577950541588e+02 1.561864196509800684e-01 2.631883218923166012e+00
2.488467475808452605e+02 1.530311802166900992e-01 2.587674716731453106e+00
2.489655074021999894e+02 1.537631296005293191e-01 2.496406417996857030e+00
2.490643391779009050e+02 1.579377222727648689e-01 2.565724505830783375e+00
2.491357766107021803e+02 1.682718550988338557e-01 2.470027293027872162e+00
2.492011268712265348e+02 1.523447192126375083e-01 2.544824662972458906e+00
2.492628132495244415e+02 1.422545695145149280e-01 2.547316185592589655e+00
2.493364816805888609e+02 1.429327599040608743e-01 2.509769663385989613e+00
2.494230460673228151e+02 1.366967165660408490e-01 2.437819452485319616e+00
2.494927177239268872e+02 1.489827144156810890e-01 2.405580597138367249e+00
2.495716545364320496e+02 1.387354230419320100e-01 2.418178810685633895e+00
2.496201058638656889e+02 1.349433462906294012e-01 2.435542965842361962e+00
2.496803221404350381e+02 1.362335621536680252e-01 2.443648168058886849e+00
2.497486953105615726e+02 1.314407410470598003e-01 2.447622198329336030e+00
2.497860247291373810e+02 1.457613100653378513e-01 2.374795302290960031e+00
2.498360081879083623e+02 1.322037052352989794e-01 2.452495657927383998e+00
2.498582313290877437e+02 1.409188652716896750e-01 2.508063849143991497e+00
2.499079170457364967e+02 1.364403275163344753e-01 2.492494417335207935e+00
2.499136837317012692e+02 1.449280456537920814e-01 2.538751964270945294e+00
2.491263336365892087e+02 8.980853527417087534e-02 2.459244479364816716e+00
2.487727131750889100e+02 1.033868166404763866e-01 2.559695227855429689e+00
2.486276197171449951e+02 1.186295591762467905e-01 2.582528326854685474e+00
2.485656314614175812e+02 1.319576544537259255e-01 2.657313290877512113e+00
2.485855636423786166e+02 1.417769415267554345e-01 2.638092382764039456e+00
2.485690865106277272e+02 1.325428004300719664e-01 2.676383260276238740e+00
2.485642688776776197e+02 1.418162269456620661e-01 2.710764204780415021e+00
2.485766975436274890e+02 1.433628318584070915e-01 2.690788603093209996e+00
2.486006678521214042e+02 1.430423455462740967e-01 2.660038458357456115e+00
2.486494438011744137e+02 1.367566785212141200e-01 2.605522702836820859e+00
2.486895790257215992e+02 1.334401621040443298e-01 2.621877843023736609e+00
2.487152882309155473e+02 1.445145149284591812e-01 2.616264163427342471e+00
2.487752874038540938e+02 1.369717144983872426e-01 2.622260358944669800e+00
2.488581651641717087e+02 1.401310892399305341e-01 2.620903978165577630e+00
2.489584649739475708e+02 1.439066247622198258e-01 2.582201637581672315e+00
2.490707985278306182e+02 1.460755934165908487e-01 2.494849474815978851e+00
2.491942519229178856e+02 1.461231494500041250e-01 2.456825324621619178e+00
2.493364734099743600e+02 1.401083450500372196e-01 2.391708708957075658e+00
2.494566743859068652e+02 1.363017947233479410e-01 2.345970143081630876e+00
2.495524584401620984e+02 1.411256306343561251e-01 2.378608055578529612e+00
2.496420684806881241e+02 1.323815234471921176e-01 2.298298321065255223e+00
2.497597489868497291e+02 1.334298238359110100e-01 2.318185013646513859e+00
2.498314841617732327e+02 1.286659498800760970e-01 2.340629393763956845e+00
2.499178624596807481e+02 1.315110412703663911e-01 2.292759076999421275e+00
2.499847717310396149e+02 1.298527830617814960e-01 2.233634521544950680e+00
2.500444607559341534e+02 1.263108923993052635e-01 2.162765693491026209e+00
2.500903233810272184e+02 1.253990571499462303e-01 2.195112066826565123e+00
2.501440947812422451e+02 1.213754031924571958e-01 2.199555454470267346e+00
2.501859254817632916e+02 1.217165660408568301e-01 2.246749648498883367e+00
2.502197378215201411e+02 1.282379455793565548e-01 2.257439417748738908e+00
2.501696944007939862e+02 1.221879910677363262e-01 2.384482259531883308e+00
2.494396472582913020e+02 1.109771731039616294e-01 2.308125878752791404e+00
2.492842403440575652e+02 1.115519808121743506e-01 2.413822264494251968e+00
2.492752915391613726e+02 1.192974112976594170e-01 2.442097427838888279e+00
2.493423993052683727e+02 1.218137457613100716e-01 2.429197336862128687e+00
2.494237945579356506e+02 1.288995947398891839e-01 2.381049954511620381e+00
2.494514866429575761e+02 1.307274005458605448e-01 2.547959225870481959e+00
2.494672359606318821e+02 1.271772392688776676e-01 2.435507815730708625e+00
2.494812629228351568e+02 1.237780167066413056e-01 2.430927962947647014e+00
2.494787073029526141e+02 1.107331899760152227e-01 2.435689769249855363e+00
2.494705152592837578e+02 1.128111818708130015e-01 2.435549168803242015e+00
2.494737986932429123e+02 1.143619220908113493e-01 2.436458936398974373e+00
2.495151869158878526e+02 1.155404846580100897e-01 2.373542304193201335e+00
2.495757815730708842e+02 1.207323629145645588e-01 2.517659829625340961e+00
2.496659581506905852e+02 1.244520717889339156e-01 2.443825986270780071e+00
2.497164026962203422e+02 1.231018939707220206e-01 2.315176577619717069e+00
2.497837151600363939e+02 1.246402282689603874e-01 2.356335290712099795e+00
2.498427694152675542e+02 1.249090232404267697e-01 2.295068646100405285e+00
2.499128049789099464e+02 1.249193615085600895e-01 2.370184434703498599e+00
2.499571044578612202e+02 1.257733024563724988e-01 2.287503101480440115e+00
2.500110433380200163e+02 1.306984533950872607e-01 2.381697130096766202e+00
2.500500082706145122e+02 1.305785294847407185e-01 2.328401290215862840e+00
2.500872694566206178e+02 1.275473492680506138e-01 2.313979406169878406e+00
2.501653254486808464e+02 1.234802745844016253e-01 2.256566867918286423e+00
2.501891799685716649e+02 1.218509635265900282e-01 2.201951865023571209e+00
2.502139173765610849e+02 1.282710280373831890e-01 2.227038706475890972e+00
2.502409002563890397e+02 1.329480605408981941e-01 2.245515259283764831e+00
2.502388677528740288e+02 1.322326523860722913e-01 2.211525101315027886e+00
2.502064758911587035e+02 1.162393515838226754e-01 2.254197336862128864e+00
2.499414688611363715e+02 1.190017368290463978e-01 2.307083781324952287e+00
2.485317736332809488e+02 8.842734265155900719e-02 2.293176743032007359e+00
2.485815069059631242e+02 9.990075262592010286e-02 2.256573070879166476e+00
2.486691237283930320e+02 1.212141262095773747e-01 2.294599288727152242e+00
2.488471197584980530e+02 1.244313952526672762e-01 2.419934248614671990e+00
2.489564262674716701e+02 1.311595401538334371e-01 2.504606732280208359e+00
2.490214767182201570e+02 1.300822926143412328e-01 2.469415267554379234e+00
2.490684124555454559e+02 1.263998015052518464e-01 2.498399636092961895e+00
2.490733293358696585e+02 1.261847655280787239e-01 2.525560334132825879e+00
2.490834815151765724e+02 1.259242411711190279e-01 2.540279960301050188e+00
2.490932263667190512e+02 1.261889008353320740e-01 2.491989909850301999e+00
2.491261868331816913e+02 1.409478124224629869e-01 2.498199073691175442e+00
2.492156480026465886e+02 1.377408816475064190e-01 2.536266644611694598e+00
2.493098771813745884e+02 1.414895376726490739e-01 2.510712513439748772e+00
2.494076875361839427e+02 1.394880489620378694e-01 2.539221321644198337e+00
2.494574931767430428e+02 1.348399636092961762e-01 2.428893391779009203e+00
2.495165453643205637e+02 1.335104623273509206e-01 2.482354643950045681e+00
2.495434310644280913e+02 1.314345380861798029e-01 2.395635183194111395e+00
2.495796666942353852e+02 1.283247870316764627e-01 2.435600860143908530e+00
2.496232052766520439e+02 1.259655942436523068e-01 2.400748490612852670e+00
2.496672938549334333e+02 1.255045074849061304e-01 2.447235547101149766e+00
2.497040815482590403e+02 1.205255975518981088e-01 2.359678686626416333e+00
2.497401662393515949e+02 1.189727896782730998e-01 2.392142916218674920e+00
2.497792697047390504e+02 1.175647175585145948e-01 2.429774212223968277e+00
2.498261227359192844e+02 1.210445786121908812e-01 2.385944090645935045e+00
2.498531097510544896e+02 1.216710776610702149e-01 2.359711769084443134e+00
2.498791394425605858e+02 1.246609048052270269e-01 2.321850963526590039e+00
2.498994169216772718e+02 1.221735174923496842e-01 2.360079811429989238e+00
2.498317384831692891e+02 1.119510379621205809e-01 2.409114217186337115e+00
2.493114361922090723e+02 1.041869985939955362e-01 2.418763956661980075e+00
2.490906314614175869e+02 1.152365395748904120e-01 2.433485650483830920e+00
2.490163551401869029e+02 1.201079315193118863e-01 2.453229674964849671e+00
2.490068873542304289e+02 1.153771400215035936e-01 2.528661814572822575e+00
2.490634790339922233e+02 1.214415681085104642e-01 2.521722769001736975e+00
2.491337337689190292e+02 1.226842279381357981e-01 2.516661152923662215e+00
2.491820713754031829e+02 1.246919196096269999e-01 2.415521875775370031e+00
2.492452981556529608e+02 1.207158216855512417e-01 2.517370358117608120e+00
2.492599206021007490e+02 1.153171780663303225e-01 2.477981556529650131e+00
2.492542510958564321e+02 1.111115705896948136e-01 2.434862707799189341e+00
2.492831341493672994e+02 1.121123149450004158e-01 2.458787527913323778e+00
2.493296542883136340e+02 1.171181043751550743e-01 2.510975105450334866e+00
2.493954677032503469e+02 1.243590273757340103e-01 2.419688197833099075e+00
2.494794351170291975e+02 1.294495906045819156e-01 2.434017037465883604e+00
2.495774315606649623e+02 1.289244065834091457e-01 2.391636341080142447e+00
2.496471569762633465e+02 1.317901745099660793e-01 2.367657761971714514e+00
2.497026197171449837e+02 1.267823174261847596e-01 2.410956496567695062e+00
2.497520138946323698e+02 1.243197419568273926e-01 2.344603424034405581e+00
2.498062070961872507e+02 1.304503349598875317e-01 2.388884294103051698e+00
2.498411814572822891e+02 1.246712430733603466e-01 2.388385989579025814e+00
2.498696447771069415e+02 1.284819287073029614e-01 2.359122487800843437e+00
2.499100632702009648e+02 1.326213712678852019e-01 2.339851956000330802e+00
