2.502604067272163206e+02 1.773688777894269764e-01 2.448219439503351325e+01
2.502604067272163206e+02 2.920284135753749011e-01 2.279778691389147482e+01
2.502634224300753658e+02 3.584720438847593393e-01 2.168803967534073962e+01
2.502680009581139302e+02 3.974935896680763525e-01 2.114323410571452300e+01
2.502786501588348642e+02 4.077834976655789756e-01 2.128714163986696306e+01
2.502824060439711502e+02 4.252042863818241147e-01 2.102417470657760745e+01
2.502466750697970213e+02 4.317383092430507330e-01 2.114802860205680446e+01
2.502529087003812833e+02 4.651466424782166320e-01 2.080570706059285158e+01
2.502797378537462691e+02 4.635327702450651177e-01 2.096502491488885411e+01
2.503344622585572665e+02 4.568024125622872078e-01 2.142333125218422651e+01
2.503122077065344229e+02 4.758508169491924567e-01 2.110216675109063900e+01
2.503345682793608944e+02 4.755680948061586366e-01 2.132829145511589530e+01
2.503459576623590692e+02 4.907192529852709706e-01 2.113025048396533379e+01
2.503911657183694786e+02 4.680229476139429190e-01 2.164833095768199200e+01
2.503849340511334276e+02 4.825517244087376700e-01 2.135860358821519966e+01
2.503931408466742710e+02 4.655098618980865188e-01 2.144015714639116865e+01
2.503477600160209136e+02 4.724483344917087546e-01 2.133161540364476139e+01
2.503106331012655801e+02 4.702847247582136458e-01 2.117193236658067335e+01
2.502881488375015238e+02 4.680995181943479189e-01 2.098007594230897510e+01
2.503012306266614928e+02 4.622958608692920301e-01 2.110969226480069949e+01
2.503045506484939153e+02 4.677677123459262343e-01 2.116975697675788481e+01
2.502718805341877726e+02 4.705811903387561168e-01 2.089946675462466530e+01
2.502468105408239012e+02 4.731197995814141466e-01 2.068236363564968983e+01
2.502439970628310562e+02 4.682133923908476381e-01 2.065517518956126963e+01
2.502191567812083974e+02 4.763318372619931296e-01 2.056962229107029927e+01
2.502133943541958843e+02 4.615910188599229858e-01 2.065081655652283033e+01
2.502374002128269410e+02 4.579548979647932172e-01 2.069741073637338147e+01
2.502548111848021222e+02 5.085209312553256034e-01 2.069798207070409646e+01
2.502371096372910415e+02 4.892722653504379959e-01 2.036412256004900456e+01
2.502364813658620903e+02 4.707304048031350496e-01 2.048089858521127482e+01
2.502217032438439333e+02 4.621407563602665247e-01 2.044438227175095335e+01
2.501916070790483388e+02 4.581001857327411941e-01 2.040570431190534961e+01
2.501811227995774800e+02 4.580962590363101827e-01 2.033221815154692180e+01
2.501868420329292633e+02 5.001865180804737632e-01 2.012168046900462315e+01
2.502028884778946747e+02 4.966014442389473094e-01 2.029440210156792901e+01
2.501905861379762541e+02 4.567847424283476010e-01 2.033788633784510580e+01
2.501844781616777880e+02 4.779319660576360485e-01 2.022861422956252753e+01
2.501633054145217159e+02 4.818351023100755359e-01 2.011713139118927884e+01
2.501104717140422622e+02 4.598730891713492253e-01 2.004291879199110937e+01
2.501307373943227788e+02 4.717984662323740364e-01 2.016921509265040058e+01
2.501414101552223030e+02 4.808279046755174480e-01 2.016150698755629733e+01
2.501309396191889789e+02 4.634208593967809042e-01 2.021979094268201393e+01
2.501084789156035129e+02 4.970392708910066903e-01 1.984719260838663857e+01
2.500909717395657879e+02 4.960949003993450068e-01 1.981917562935127108e+01
2.500437492882862784e+02 4.694424483737586473e-01 1.971104618973011924e+01
2.500432270376609551e+02 4.840733192757600833e-01 1.962960454240243280e+01
2.500590123573136623e+02 4.836296025790542408e-01 1.979319267906717528e+01
2.500285627898392704e+02 4.715589377500814527e-01 1.967131194854457021e+01
2.500498984948972634e+02 4.800523821303898653e-01 1.983811212288989267e+01
2.500483454864587998e+02 4.894273698594635569e-01 1.987904204313868561e+01
2.500414168306062379e+02 5.055935790659960016e-01 1.970994475138121516e+01
2.500253370087211806e+02 4.703475519011100503e-01 1.967763785649495389e+01
2.500435706235986686e+02 4.950052421397354019e-01 1.964675438906493454e+01
2.500595208645014793e+02 4.951897968719936038e-01 1.966140293010087703e+01
2.500568212607051635e+02 4.687415330608206143e-01 1.971215351812366734e+01
2.500967164964443725e+02 5.090235483984968390e-01 1.969265158029897833e+01
2.500975273592573842e+02 5.196079586283264273e-01 1.970524842244970998e+01
2.500522230991844310e+02 4.954175452649930977e-01 1.962789053941028783e+01
2.500612643177168479e+02 5.064240753611578549e-01 1.960473873725296201e+01
2.500434940530182644e+02 5.036910946451640392e-01 1.955003592927234379e+01
2.499611590822525216e+02 3.783097142543007108e-01 1.926302190703938777e+01
2.499914849587893286e+02 4.086473708804045923e-01 1.943051121660835534e+01
2.500004476433931302e+02 4.361852929511872423e-01 1.923872154617598795e+01
2.500020615156262807e+02 4.635955973879615222e-01 1.923872547287241730e+01
2.499999842932142826e+02 4.708698025264365095e-01 1.930873061684474123e+01
2.499915360058429314e+02 4.469091009043181795e-01 1.929880589161532356e+01
2.499929829934777672e+02 4.463338398771729554e-01 1.932763766016013207e+01
2.500249266689441470e+02 4.504784679601204767e-01 1.946336981234317776e+01
2.500350555823879688e+02 4.713252993124354417e-01 1.924671433676133958e+01
2.500498297777097036e+02 4.823946565514966589e-01 1.916971378309714424e+01
2.500577793746343218e+02 4.955235660686307941e-01 1.901994761786961163e+01
2.500367931455587041e+02 4.938920237015396730e-01 1.891446477164296880e+01
2.500447663026619125e+02 4.878331311084671551e-01 1.884921289370040043e+01
2.500353520479685301e+02 4.935170241923766965e-01 1.871326673656186301e+01
2.500055032650480769e+02 4.947990905771065817e-01 1.861309082056175157e+01
2.499885203029838863e+02 4.906524991459434992e-01 1.849253927678105214e+01
2.499899201702615699e+02 4.723796173041658331e-01 1.864693698044897729e+01
2.500013625636615586e+02 4.754385138239347608e-01 1.840656622177196056e+01
2.500300176308669791e+02 4.698842017222490397e-01 1.873996827229283824e+01
2.500328389622526686e+02 4.727428367240357199e-01 1.874600360470732241e+01
2.500336439350210185e+02 4.551551634094719856e-01 1.898621729552710136e+01
2.499828756768642961e+02 4.566689048836323761e-01 1.875936615266210339e+01
2.499515367126482772e+02 4.512343570230928913e-01 1.868548143261592642e+01
2.498461873741002819e+02 4.228855721393035005e-01 1.834251198624085433e+01
2.498346252164591306e+02 4.371080666124782521e-01 1.833176069141270759e+01
2.497895703016095581e+02 4.156094036526130076e-01 1.848169963128320603e+01
2.498238405447113166e+02 4.305917138851912407e-01 1.853957128328366011e+01
2.498186160751098441e+02 4.390792682208531361e-01 1.842990454200976203e+01
2.498045133448778188e+02 4.155956602151044121e-01 1.864504038607279313e+01
2.497887025016983102e+02 4.604797637699427071e-01 1.813853777678301427e+01
2.498060133429144685e+02 4.592703412691868103e-01 1.828733404799208273e+01
2.497641056752543420e+02 4.260230025876929338e-01 1.835208134544326342e+01
2.497752496397256152e+02 4.493122391201058718e-01 1.815877400684030363e+01
2.498109020799711004e+02 4.549136715789638963e-01 1.834397860735784391e+01
2.497900807721455863e+02 4.357474662991278613e-01 1.820547617084270797e+01
2.498141710547499201e+02 4.520452198360996876e-01 1.839385746877294636e+01
2.498436330580719016e+02 4.299300655365634327e-01 1.828805067009074747e+01
2.498792913883620486e+02 4.590190326976011925e-01 1.839732670506975865e+01
2.498886114023410983e+02 4.470799121990677860e-01 1.842575402388216688e+01
2.498983299760078864e+02 4.617716468957501208e-01 1.851298165840097099e+01
2.499336780972799659e+02 4.885006695017414802e-01 1.846882595703408825e+01
2.499389025668814668e+02 4.981348191952628124e-01 1.832852902024997377e+01
2.499025295778408804e+02 4.474666917975238523e-01 1.852396462831854862e+01
2.499132769459725978e+02 4.425308343837246472e-01 1.846370358153981428e+01
2.499302932849564343e+02 4.678678431049174136e-01 1.838209504961380958e+01
2.499405910463468103e+02 4.700432329277056120e-01 1.835479272932888861e+01
2.499120969736950713e+02 4.408580617041077399e-01 1.836810619357828145e+01
2.499361460259868863e+02 4.567651089461924885e-01 1.842804721459788553e+01
2.499152186973577159e+02 4.328279675026603379e-01 1.841769447945748794e+01
2.499208201298165761e+02 4.741996410999462230e-01 1.826644598632724126e+01
2.499147474937859954e+02 4.392716763459733609e-01 1.831653296265319142e+01
2.499333875217440948e+02 4.526636745239862036e-01 1.832293544118397577e+01
2.499325373919667754e+02 4.649915379691911266e-01 1.828426926142766717e+01
2.499188626716457122e+02 4.415177467045200421e-01 1.823742180965731663e+01
2.499067743366828154e+02 4.685962452928726374e-01 1.791645560673349991e+01
2.498899562958687284e+02 4.312985192427758463e-01 1.813386500803009582e+01
2.499142821802589367e+02 4.471545194312572802e-01 1.817270788912579960e+01
2.498903470021636224e+02 4.232664616931129942e-01 1.808753980688506857e+01
2.498829549961322130e+02 4.473351474670844707e-01 1.782366188002371743e+01
2.498841388951061617e+02 4.280943349550589416e-01 1.774471957497437913e+01
2.497152830951791884e+02 3.624635308068968609e-01 1.802003204184287810e+01
2.497251822968817976e+02 4.018718561886698848e-01 1.780398913090427726e+01
2.497631770115484073e+02 4.329771819670393262e-01 1.798086520829161117e+01
2.497912371842445225e+02 4.528168156847962034e-01 1.821625887924230369e+01
2.498143457927411077e+02 4.627317241731359054e-01 1.827433668280538726e+01
2.498305807191351846e+02 4.554908959543246816e-01 1.818135054797048866e+01
2.498766644284497147e+02 4.543992743464995709e-01 1.842718726807949281e+01
2.498830904671590645e+02 4.634974299771859041e-01 1.837302830755456995e+01
2.498797193982730391e+02 4.583770178311284971e-01 1.838047136063957865e+01
2.498974641394448497e+02 4.453894693855112719e-01 1.856279180262853146e+01
2.498935099561388142e+02 4.505138082279996903e-01 1.852357392202366171e+01
2.498864772428308356e+02 4.525301668453313719e-01 1.849442801776437406e+01
2.498821009396584429e+02 4.515759796125921044e-01 1.849676047544440394e+01
2.498902723949314293e+02 4.450812237156757667e-01 1.853727416587151211e+01
2.499025511746712311e+02 4.347579387985094357e-01 1.851166621509657872e+01
2.499136676522674634e+02 4.595864403318843938e-01 1.834453619825104909e+01
2.499301008768313181e+02 4.471427393419641905e-01 1.867815029037920027e+01
2.499277173720976748e+02 4.556322570258415916e-01 1.858028523522875020e+01
2.499581590861791938e+02 4.544169444804391778e-01 1.860703192796868066e+01
2.499441132930454330e+02 4.670864305151433138e-01 1.843426710174463068e+01
2.499774038253876540e+02 4.698429714097233090e-01 1.851470940483062222e+01
2.499908154570478303e+02 4.676047544440387060e-01 1.866026615148409462e+01
2.499910746190122666e+02 4.424523004551041416e-01 1.870613585584312233e+01
2.499999568063392701e+02 4.598318588588234945e-01 1.861740036989480274e+01
2.500177781180914565e+02 4.712192785087977454e-01 1.853473359328063808e+01
2.499983193739275293e+02 4.416002073295715591e-01 1.863188791637707453e+01
2.500313919746178328e+02 4.602618321180207972e-01 1.885124692245167211e+01
2.500555352676240091e+02 4.718593300270549351e-01 1.891264474784718885e+01
2.500493409040040547e+02 4.535334377834583930e-01 1.886111274723462472e+01
2.500576164167324293e+02 4.830916451680036805e-01 1.873315741733322426e+01
2.500804442664341991e+02 4.810890299881806498e-01 1.877416194481420675e+01
2.500784985883526303e+02 4.864234470897289553e-01 1.874211617524060713e+01
2.500685915332571483e+02 4.241892353544040040e-01 1.891329854280295564e+01
2.500516380214162098e+02 4.079994659692853798e-01 1.901383375152650501e+01
2.500579678560630157e+02 4.353469432631632552e-01 1.887127307424990263e+01
2.500724082821881211e+02 4.647500461386830373e-01 1.878091782602378856e+01
2.500607872241004941e+02 4.334444588423313482e-01 1.884435557021522101e+01
2.500953127024702951e+02 4.550157656861705813e-01 1.865897819505471844e+01
2.501220436884244975e+02 4.644025335045373071e-01 1.886421287406691860e+01
2.500650614331656527e+02 4.513521579160236774e-01 1.853391684042298238e+01
2.500967243498372454e+02 4.638645760934868023e-01 1.875884193868856187e+01
2.501269245720882566e+02 4.512932574695582844e-01 1.873744929653233271e+01
2.501342478609321063e+02 4.167913392783517135e-01 1.890607538471808269e+01
2.501693152234093986e+02 4.435066184468344774e-01 1.886257740500339608e+01
2.501855540764998977e+02 4.206355750843258079e-01 1.893089995955502758e+01
2.501963485649887957e+02 4.509182579603953633e-01 1.880301727353759844e+01
2.502050246007531484e+02 4.671158807383760103e-01 1.866669808023811328e+01
2.501743453215375439e+02 4.296159298220814104e-01 1.864363070205405393e+01
2.501952549800327574e+02 4.515268959072042954e-01 1.857716154821786958e+01
2.502099094111133297e+02 4.742879917696442571e-01 1.834742428347606946e+01
2.502271515351419566e+02 4.529562134080976077e-01 1.881401398689268589e+01
2.502277169794280383e+02 4.824790805247637371e-01 1.855316157963143908e+01
2.502746822320913225e+02 4.751773885112715590e-01 1.899095878146756178e+01
2.503154315243043015e+02 4.834254143646408708e-01 1.906951038022201672e+01
2.503369085904337794e+02 4.820589240066439629e-01 1.921434265138396569e+01
2.503436114612415508e+02 4.485210097892541881e-01 1.922181711804041981e+01
2.503476520318690746e+02 4.864195203932978884e-01 1.909771191398964163e+01
2.503339243011461974e+02 4.558619687670565912e-01 1.904934679404869868e+01
2.503697848563025445e+02 4.955098226311221987e-01 1.906171196110999944e+01
2.503792207078263061e+02 4.565589573835636128e-01 1.937965657113014117e+01
2.503560865758029195e+02 3.714595923303765090e-01 1.916418499452225888e+01
2.503602213871447759e+02 4.000695025268291571e-01 1.900858375839822045e+01
2.503784864155936987e+02 4.403456278198588647e-01 1.893764406067531425e+01
2.503874412468046557e+02 4.628534517624977029e-01 1.904483698319766560e+01
2.504020701543584266e+02 4.694188881951725234e-01 1.905381537458720587e+01
2.504016342910545916e+02 4.698822383740335340e-01 1.905313605610463767e+01
2.504285419783481927e+02 4.923056383434052941e-01 1.898366494284693218e+01
2.504247762764708511e+02 4.766538263693372302e-01 1.893615191603152326e+01
2.504223809916479127e+02 4.721086752504250472e-01 1.885742754263410603e+01
2.504127409519097398e+02 4.702218976153172414e-01 1.879136872857496243e+01
2.504257481338375158e+02 4.684686276588643228e-01 1.904727742502954868e+01
2.503859275053304998e+02 4.776178303431540262e-01 1.869895392807077528e+01
2.503845158579635495e+02 4.757546128866323443e-01 1.852668190224881783e+01
2.503730911346974608e+02 4.651191556031994967e-01 1.856241876646758371e+01
2.503729262134473572e+02 4.760098481546490290e-01 1.842382601593453373e+01
2.503929484385491548e+02 4.767539571283283539e-01 1.833160362355546624e+01
2.503940911072105848e+02 4.645026642635284309e-01 1.855614194222258817e+01
2.503988365198474924e+02 4.601047642607797861e-01 1.853683830256766640e+01
2.504104438344975847e+02 4.679012200245811215e-01 1.848952357392202472e+01
2.504205432977181829e+02 4.735379927513184151e-01 1.845314273148857254e+01
2.504243247063812703e+02 4.755190111007708276e-01 1.836691247786324865e+01
2.504402906540698268e+02 4.586813368045329908e-01 1.863352338544059350e+01
2.504345184103162296e+02 4.570164175177781063e-01 1.864386041379527015e+01
2.504369097684427174e+02 4.671728178366258422e-01 1.837532935166315085e+01
2.504201800782983298e+02 4.541008454177415943e-01 1.833757809217527068e+01
2.504163633293673570e+02 4.433809641610416685e-01 1.841345364731197876e+01
2.504053489458783304e+02 4.235020634789745109e-01 1.848994569378836061e+01
2.504025040543140790e+02 4.485681301464264914e-01 1.843166959205550626e+01
2.504160511570011067e+02 4.324195910738336535e-01 1.863085715856392710e+01
2.504297278406703526e+02 4.482304342533582897e-01 1.864092717156129453e+01
2.503828666454625136e+02 4.087553550322577944e-01 1.899821531647209838e+01
2.503805008108628272e+02 4.466322688059308765e-01 1.871433872468753279e+01
2.503754824928239486e+02 4.474372415742911557e-01 1.876364428842370558e+01
2.503323928895381130e+02 4.192160743245100241e-01 1.869195851837890388e+01
2.503448385538762295e+02 4.369902657195474660e-01 1.878197607071194852e+01
2.503530669462474521e+02 4.426152583569916699e-01 1.860837878484452190e+01
2.503736663957246265e+02 4.404261250966948760e-01 1.886354533567364555e+01
2.503441827955722658e+02 4.126938315525764955e-01 1.878235696026575852e+01
2.503348176245842751e+02 4.270125300883114150e-01 1.873797351050587778e+01
2.503388189282474627e+02 4.361008689779201641e-01 1.871832235821680968e+01
2.503419112016869121e+02 4.322644865648081480e-01 1.886200214397625174e+01
2.503591965193762974e+02 4.419241597851311654e-01 1.882567627529283172e+01
2.503183824366722092e+02 4.129588835616707088e-01 1.871142707928392923e+01
2.503500532067366464e+02 4.353174930399305587e-01 1.875506445672191447e+01
2.503379727251665940e+02 4.415570136688302672e-01 1.866148342737771415e+01
2.503127044336329448e+02 4.060891281555913945e-01 1.875000490837053846e+01
2.502913078647802934e+02 4.462788661271385737e-01 1.826494009824594400e+01
2.503021573270192164e+02 4.330890928153235397e-01 1.845569115747230526e+01
2.502720061884735685e+02 4.037645238684242632e-01 1.863550047709361479e+01
2.502992869119281352e+02 4.251041556228329354e-01 1.850149607134022034e+01
2.503039498639399767e+02 4.281277118747226496e-01 1.847498105368972077e+01
2.503049413547888093e+02 4.445039993403149814e-01 1.822047026116457857e+01
2.503067751220220885e+02 3.991310220798140462e-01 1.863052338936729058e+01
2.503324832035560235e+02 4.354784875936026367e-01 1.833869720065811393e+01
2.503116991993466058e+02 3.977979086414808463e-01 1.836680842040782835e+01
2.503255938146677693e+02 4.133888568208680114e-01 1.858423156514193053e+01
2.502759289582081692e+02 3.896303800649475457e-01 1.854487036011732926e+01
2.502727620775365551e+02 4.121931777576207101e-01 1.843568660250444680e+01
2.502569826479284814e+02 3.858627148393785067e-01 1.846405109417396062e+01
2.502293563751879901e+02 3.720505601432458898e-01 1.841304330753493801e+01
2.499108600643192801e+02 3.747423105467139193e-01 1.807411050509096029e+01
2.499104693580244145e+02 3.999791885089155619e-01 1.818751742471541277e+01
2.499582160232774584e+02 4.508809543443005885e-01 1.824774313122626879e+01
2.499789509437814843e+02 4.939568141926515832e-01 1.802869629751793568e+01
2.499832506763734727e+02 4.926079939685942821e-01 1.816726156117596602e+01
2.499894136264219640e+02 4.824378502122379508e-01 1.806599206021981630e+01
2.500230575614429824e+02 4.861112747234623832e-01 1.815660843375859557e+01
2.500456262491803159e+02 4.806197897646730666e-01 1.815559338273117618e+01
2.500577891913754058e+02 4.707951952942470153e-01 1.829962460782119393e+01
2.500767433550479666e+02 4.801132459250707640e-01 1.813678254347834695e+01
2.500639423246828130e+02 4.821551280692040753e-01 1.817522293818987222e+01
2.500764724129942351e+02 4.734535687780513369e-01 1.817939112645140654e+01
2.500722198007594272e+02 4.841322197222254764e-01 1.788358523090938235e+01
2.500574338253483972e+02 4.857068249910667657e-01 1.776992307601691579e+01
2.500720273926343111e+02 4.756348486454860525e-01 1.803719563194288966e+01
2.500537741442746835e+02 4.739483325283605497e-01 1.786717949322055787e+01
2.500605300254842689e+02 4.740523899837827404e-01 1.794515779429607960e+01
2.500868447816167759e+02 4.923115283880518667e-01 1.783346880436020498e+01
2.500904848292083500e+02 5.085798317017909964e-01 1.781310888336533438e+01
2.500658016154429220e+02 4.917932044591564744e-01 1.778768352397444374e+01
2.500277264034994857e+02 4.888383653948096819e-01 1.767677987332477230e+01
2.500093219773272608e+02 4.678442829263312341e-01 1.777708340695889078e+01
2.499754954509221818e+02 4.620936360030942214e-01 1.776261942065520927e+01
2.499173194799483326e+02 4.225930332551920965e-01 1.783076723721565671e+01
2.499412330612132678e+02 4.467520330470771683e-01 1.761495992806291966e+01
2.499338174950032680e+02 4.374811027734256674e-01 1.778968024910962242e+01
2.499027475094927979e+02 4.135498513745400895e-01 1.795099090184437074e+01
2.499363835911209435e+02 4.422363321513976819e-01 1.798599936387517673e+01
2.499039922722614335e+02 4.164752402156541855e-01 1.794568200826962112e+01
2.499168796899480469e+02 4.409523024184523465e-01 1.805309089909568243e+01
2.498929248783705646e+02 4.417081914814247612e-01 1.782589420694475635e+01
2.498612757051365065e+02 4.279156702674473123e-01 1.803828529020249860e+01
2.498383653948096992e+02 4.034837650736059489e-01 1.828230787656037037e+01
2.498399007331142343e+02 4.400805758107646515e-01 1.795774678305394900e+01
2.498449151244566337e+02 4.364346381745573544e-01 1.811439055708042289e+01
2.498556644559365623e+02 4.065171380665731915e-01 1.810188991899225286e+01
2.498626343421016429e+02 4.346754781734578632e-01 1.793909497500657579e+01
2.498243745754259351e+02 4.374791394252101617e-01 1.791623374838514593e+01
2.497799302618713853e+02 4.154660792328805918e-01 1.800930234384509987e+01
2.497675376079350542e+02 4.363227273262731409e-01 1.774805137689610390e+01
2.497414447101509154e+02 4.053528725747740924e-01 1.773667181063899179e+01
2.497398504713999046e+02 4.462474525556903715e-01 1.761965233029799549e+01
2.497204565177270581e+02 4.108698810603650942e-01 1.753684026591588108e+01
2.497476528172083476e+02 4.337664479496754488e-01 1.769139307409283646e+01
2.496950233049433052e+02 4.136460554371002019e-01 1.765213788987187016e+01
2.497226554677284582e+02 4.253476108015565305e-01 1.789585223055990681e+01
2.497199244503606792e+02 4.273718228117502349e-01 1.797374218096573273e+01
2.496571326477321406e+02 4.008136115005084821e-01 1.793742809237160785e+01
2.496959028849438766e+02 4.023509131532550520e-01 1.776039887382346194e+01
2.496433558333038718e+02 3.833339223377980054e-01 1.774080662198086245e+01
2.496641260940757832e+02 3.950354777022543340e-01 1.779776924375753566e+01
2.496476280790208477e+02 3.821853636317230074e-01 1.795297192019382138e+01
2.496652078989425547e+02 3.796762046122976186e-01 1.786342557143249721e+01
2.496834493672128588e+02 4.275230006243447289e-01 1.777026862530284745e+01
2.496651843387639644e+02 4.063934471289958883e-01 1.778118091468466488e+01
2.496706169232762704e+02 4.288737841966175357e-01 1.779888835224037535e+01
2.496749677029218617e+02 4.454051761712353730e-01 1.781589683783136380e+01
2.496381038768273868e+02 4.169366270462996904e-01 1.787052503857979247e+01
2.496577412856789522e+02 4.610196845292087175e-01 1.755673880008010457e+01
2.496252144957925339e+02 4.275917178118877060e-01 1.752184224889758113e+01
2.493700342015259253e+02 3.713417914374457784e-01 1.731660560653716274e+01
2.493647370880404708e+02 4.221473532102706927e-01 1.730873061684474123e+01
2.493966964702925679e+02 4.604110465823997855e-01 1.735786733263438109e+01
2.494139464477140677e+02 4.890818205735332769e-01 1.737931298519242773e+01
2.494526165541668092e+02 5.013880871883675816e-01 1.752736122073138603e+01
2.494616675894403386e+02 4.950130955325974802e-01 1.750972446371143576e+01
2.494714489902500247e+02 4.973553699537042738e-01 1.735140006361248055e+01
2.494703907455618435e+02 4.860857511966607536e-01 1.748870289436793968e+01
2.494656041026124171e+02 4.995150529907683157e-01 1.726628499177357057e+01
2.494919267121378255e+02 4.984509182579603959e-01 1.741879395445817380e+01
2.495222054683174520e+02 5.224292900140182772e-01 1.729515995397911610e+01
2.495296092544381565e+02 5.143991958125708752e-01 1.744212638465132770e+01
2.495396792674355027e+02 5.113599327749570600e-01 1.755529181244527237e+01
2.495408081926594264e+02 4.988730381242956757e-01 1.759354372572810732e+01
2.495510215300765253e+02 4.871086556169428872e-01 1.787293014014379722e+01
2.495587885356171114e+02 4.904797245029783870e-01 1.783728358994294538e+01
2.495533009773547519e+02 5.050693650924540368e-01 1.760632708595931106e+01
2.495430307028393884e+02 5.007774858933430329e-01 1.749440053088935798e+01
2.495558651101241878e+02 5.220582172012864230e-01 1.736160162094028792e+01
2.495291400142146472e+02 4.933933332547993933e-01 1.750689724228109512e+01
2.495609698154845262e+02 5.159109739385158155e-01 1.748119308744360367e+01
2.495556668119544383e+02 5.207172503700910893e-01 1.734193672521370999e+01
2.495361570207368800e+02 4.676184978815473015e-01 1.749765968892710788e+01
2.495451628990014399e+02 4.668076350685405052e-01 1.727973392704983269e+01
2.495434724561878852e+02 4.974358672305402851e-01 1.717537411600246600e+01
2.495141969709463865e+02 4.693894379719398269e-01 1.727193943463424830e+01
2.495019712016083702e+02 4.572696894375792853e-01 1.725225883212194589e+01
2.495139063954104870e+02 4.888815590555509738e-01 1.713180349240380451e+01
2.495515241472197090e+02 4.639823769864175329e-01 1.727134650347316125e+01
2.495732721554029467e+02 5.001315443304393815e-01 1.709551492733648104e+01
2.495807014650504243e+02 4.874227913314249649e-01 1.704352742993791736e+01
2.495654423227194627e+02 4.800641622196829550e-01 1.698193523306906627e+01
2.495943997455500778e+02 5.051557524139366206e-01 1.696480501988871836e+01
2.495815849717474180e+02 4.840183455257257572e-01 1.691614539771544656e+01
2.495893814275112277e+02 5.172853176893748017e-01 1.670897485736275101e+01
2.496026085044391323e+02 4.839771152131999710e-01 1.687992162313923572e+01
2.496226405462820139e+02 5.167650304122638483e-01 1.674737598510996861e+01
2.496640436334507456e+02 4.866983158399007525e-01 1.713306199860994994e+01
2.496917602202091473e+02 5.331629147082268538e-01 1.689303286252243197e+01
2.497559322566331730e+02 4.964424130334907925e-01 1.715512806920409616e+01
2.497978634844718897e+02 4.911237027176665881e-01 1.724098921336490520e+01
2.498323732560559449e+02 5.178075683147012054e-01 1.746457138145107280e+01
2.498476912988333822e+02 5.342427562267588748e-01 1.728293811133755042e+01
2.498507109283888497e+02 5.025464626355201636e-01 1.713988267031064083e+01
2.498728535695634037e+02 5.363729890405902756e-01 1.708099007723811980e+01
2.499072475036027470e+02 5.022598137960552211e-01 1.719679620838192591e+01
2.499210203913345651e+02 4.893547259754895684e-01 1.723624380072800832e+01
2.499149222317771830e+02 4.833390270431583424e-01 1.708169884594391874e+01
2.499200740574947019e+02 4.996740841962248880e-01 1.716615030608598502e+01
2.499161571778047346e+02 4.958730420509920855e-01 1.699922251410665552e+01
2.499390439279529801e+02 5.195097912175508093e-01 1.707145016825894146e+01
2.499285675018749942e+02 4.845464861956986780e-01 1.712387352896135084e+01
2.499318561101359819e+02 5.019829816976679737e-01 1.694753737233328295e+01
2.499085393867285632e+02 4.724699313220794283e-01 1.698671991267027082e+01
2.499094935739612993e+02 4.795399482461410456e-01 1.666934074693619650e+01
2.499272226083473640e+02 5.091374225949966137e-01 1.661386241641044847e+01
2.499204372769145550e+02 4.790569645851248670e-01 1.665094024746040802e+01
2.499226696038356010e+02 4.730864226617504387e-01 1.671520652459879130e+01
2.499383646094703977e+02 5.190700012172758671e-01 1.639034700216360818e+01
2.499290976058931903e+02 4.865726615541078881e-01 1.644211264121382143e+01
2.502234859640236095e+02 3.214570399776963683e-01 1.646077426600226801e+01
2.502849780301334590e+02 3.663097299610864610e-01 1.641507929963442436e+01
2.503288588627501667e+02 4.053253856997569571e-01 1.651951960795862817e+01
2.503412495533382867e+02 4.322428897344375298e-01 1.635441969316794086e+01
2.503482685232087306e+02 4.092187052111188605e-01 1.663792128544334403e+01
2.503766369415746738e+02 4.140190915980476727e-01 1.684931498780760606e+01
2.503864065622950648e+02 4.201898950394044041e-01 1.675673919274974821e+01
2.503922377064951377e+02 4.202664656198094040e-01 1.683659445471930027e+01
2.503846866692582864e+02 4.331676267439440453e-01 1.662048871663780503e+01
2.503933136213172475e+02 4.200485339678874941e-01 1.675642113033883618e+01
2.504099176571758392e+02 4.360066282635755575e-01 1.662559538534635450e+01
2.504120321832039622e+02 4.531152446135541800e-01 1.661296909297239210e+01
2.503980020968558904e+02 4.493711395665712649e-01 1.664289051977680600e+01
2.504172350559750555e+02 4.577408930093023187e-01 1.654171133283857031e+01
2.504437677437595084e+02 4.648462502012432052e-01 1.676166719677068428e+01
2.504851904644103797e+02 4.687081561411569064e-01 1.685828356245606940e+01
2.505254489195694703e+02 4.832683465073998597e-01 1.694795556550318594e+01
2.505791504199601718e+02 4.577448197057333856e-01 1.705983107351953620e+01
2.505958113929170281e+02 4.831996293198569381e-01 1.710500378926205656e+01
2.506414199719633871e+02 4.766145594050269496e-01 1.738307868706977999e+01
2.506253735269980041e+02 4.660910129698783155e-01 1.698185669914044738e+01
2.506481876332622676e+02 4.864313004825909781e-01 1.710903454314850336e+01
2.506659068509072767e+02 4.990713362940624176e-01 1.693250990509174869e+01
2.506763734602441502e+02 4.519234922467378901e-01 1.712680873454354114e+01
2.507040684501721728e+02 4.846564336957674413e-01 1.711403519105341431e+01
2.507154578331703760e+02 4.964934600870941073e-01 1.688054793121998642e+01
2.507455539979659704e+02 4.551433833201788959e-01 1.694651054121656841e+01
2.507572221764107780e+02 4.628377449767736018e-01 1.688652239983979086e+01
2.507693105113736749e+02 4.727762136436994278e-01 1.698108510329175047e+01
2.507644453344956332e+02 4.417926154546918394e-01 1.713026030070641426e+01
2.507675533147208000e+02 4.800229319071571688e-01 1.693473045192349247e+01
2.507583275414561115e+02 4.476748067083681781e-01 1.694712114251159463e+01
2.507861403322770570e+02 4.599516230999697863e-01 1.712412091083650267e+01
2.507802502876305084e+02 4.460550444305700912e-01 1.691522458740237411e+01
2.507737790919121892e+02 4.467559597435081797e-01 1.679518547750592106e+01
2.507909623154943404e+02 4.689692814538201082e-01 1.689266178970969889e+01
2.507969210773284203e+02 4.776158669949384650e-01 1.683179014163594189e+01
2.508126455331864690e+02 4.462494159039058772e-01 1.705811903387560946e+01
2.508269131846685980e+02 4.270733938829923138e-01 1.717360906595671821e+01
2.508583915466079191e+02 4.752932260559868394e-01 1.697359296650135363e+01
2.508580617041077119e+02 4.437500736255580724e-01 1.719219412016476412e+01
2.508941716044874397e+02 4.658239976125685966e-01 1.713323673660113045e+01
2.508733934903226555e+02 4.486466640750469970e-01 1.703584288502240085e+01
2.509253260139711870e+02 4.675674508279439312e-01 1.710443834497598914e+01
2.509188999752618088e+02 4.175590084306172178e-01 1.724080662198086245e+01
2.509332736475475940e+02 4.301617406259939380e-01 1.713562024133476314e+01
2.509617618301546713e+02 4.439326650096007687e-01 1.726088382083269579e+01
2.509710327604283293e+02 4.111702733373385765e-01 1.755168710512159080e+01
2.509936819454424892e+02 4.543816042125599086e-01 1.734924038057541651e+01
2.509775019927984374e+02 4.321545390647394402e-01 1.738079334974692358e+01
2.509751832785559316e+02 4.525517636757019901e-01 1.734479536021549606e+01
2.509702061908296002e+02 4.220904161120208054e-01 1.748787828811742529e+01
2.509845641563296397e+02 4.550825195254979971e-01 1.743803673031841583e+01
2.510232754930949000e+02 4.591152367601613049e-01 1.764071120325758812e+01
2.510102251175063941e+02 4.116454036054926768e-01 1.784085492034696330e+01
2.510290045431877672e+02 4.173391134304798022e-01 1.807783301330757553e+01
2.510247754911315496e+02 4.033855976628302753e-01 1.789193731421817546e+01
2.510482375023069324e+02 4.258521912929433273e-01 1.803094825792112843e+01
2.510580601334291373e+02 4.382801854971393740e-01 1.796645619573796537e+01
2.510463428712789664e+02 4.052507784675674629e-01 1.795412833229275762e+01
2.510687682345965470e+02 3.036062780022539265e-01 1.800727027844204287e+01
2.511138584897140049e+02 3.407567529361872349e-01 1.792690847263288845e+01
2.511556542465258417e+02 3.662311960324658999e-01 1.809309608233497002e+01
2.511633191579592221e+02 4.023273529746688726e-01 1.795109103260336170e+01
2.511692131293021930e+02 4.152049539202173900e-01 1.784913632311999621e+01
2.511721718950629736e+02 3.821794735870764348e-01 1.800972642705965043e+01
2.511761417851547264e+02 3.741513427338445941e-01 1.799780890339148698e+01
2.511978289295432774e+02 3.879595707335461441e-01 1.782111541738819582e+01
2.512037327176273322e+02 3.919019739502958566e-01 1.777726403499471886e+01
2.512093066632111800e+02 3.865773735898251351e-01 1.781219592644512417e+01
2.512102510337028320e+02 3.837540788559177241e-01 1.782865467453576613e+01
2.512150239332147521e+02 3.773280401465443079e-01 1.782328491716634034e+01
2.512169362343766466e+02 3.842193923829942404e-01 1.779559778063117648e+01
2.512386115986759307e+02 3.848633705976824415e-01 1.795040778742436061e+01
2.512342274421106652e+02 3.893712181004998496e-01 1.792835938696415354e+01
2.512547247974806339e+02 3.953672835506759631e-01 1.797778078824504178e+01
2.512508864517193103e+02 4.153109747238550864e-01 1.779386610750509590e+01
2.512550939069451488e+02 3.983770963650571373e-01 1.792913098281285045e+01
2.512408792658648338e+02 4.063954104772113940e-01 1.775000490837053846e+01
2.512567784597140701e+02 3.998417541338296632e-01 1.793537050344174943e+01
2.512606914127075868e+02 3.968692449355432639e-01 1.791504592271476071e+01
2.512722398269112318e+02 3.880381046621666496e-01 1.806766875959586471e+01
2.512764413920924085e+02 3.770983284053293083e-01 1.818001350783572434e+01
2.512969839044713183e+02 3.852148099282592386e-01 1.821669081584971650e+01
2.513015742125992062e+02 3.609812029041846726e-01 1.827422869865353405e+01
2.513127672607758427e+02 3.822737143014210970e-01 1.834693148307397337e+01
2.513132463177404077e+02 3.921434657808039459e-01 1.818628640538428698e+01
2.513329838573509676e+02 3.870387604204706400e-01 1.799320681517432519e+01
2.512913490950928121e+02 3.603117011626947863e-01 1.784684116905606288e+01
2.513016448931349487e+02 3.367004755229378032e-01 1.812040821936096791e+01
2.513161618898404583e+02 3.763404759941413880e-01 1.791701319762670508e+01
2.513410473284720865e+02 3.884209575641916490e-01 1.798969242186855766e+01
2.513131206634546402e+02 3.536107937031496284e-01 1.786951195090058775e+01
2.513141690914017090e+02 3.626991325927583776e-01 1.804650190248442243e+01
2.513080022146567956e+02 3.384144785150804968e-01 1.800054973750034293e+01
2.513433032155716944e+02 3.650747839335288791e-01 1.809271519278116003e+01
2.513081062721122123e+02 3.418562279368744239e-01 1.776291392288753457e+01
2.513206717006914914e+02 3.375329351663152178e-01 1.796597124872873152e+01
2.513331487786010712e+02 3.770786949231741958e-01 1.769228639753089283e+01
2.513361487746743705e+02 3.775734586734834086e-01 1.770885116642517332e+01
2.513286036274821527e+02 3.526016327203760348e-01 1.779372081973714614e+01
2.513184531172079517e+02 3.511330482551724419e-01 1.760461111961895497e+01
2.513266383159184443e+02 3.746441431359383012e-01 1.763336828093157038e+01
2.513325303239131756e+02 3.544687768733286726e-01 1.749613613071187146e+01
2.513504458763797516e+02 3.709707186247138688e-01 1.769680013507835881e+01
2.513489949620484651e+02 3.316487805644233178e-01 1.779581374893488288e+01
2.513658719033090279e+02 3.606238735289613584e-01 1.775896759297435423e+01
2.513417423537403863e+02 3.377587202110992060e-01 1.785651262236567760e+01
2.513729968939831281e+02 3.494956158434347482e-01 1.814592585611799080e+01
2.513368869936034002e+02 3.233281108270800730e-01 1.814913396710213789e+01
2.513440649946793144e+02 3.503987560225706455e-01 1.797458838404661918e+01
2.513430146033840344e+02 3.563751879905916464e-01 1.790965456851496285e+01
2.513256134481499373e+02 3.231062524787270962e-01 1.786298970812865505e+01
2.513447718000369093e+02 3.065238134505059442e-01 1.819138522069997421e+01
2.513617979557618298e+02 3.352986448970616262e-01 1.811677602516227026e+01
2.513787907345671044e+02 3.502299080760365446e-01 1.817574126211876617e+01
2.513665394417023151e+02 3.282953818123274803e-01 1.842863032901789566e+01
2.513668535774167765e+02 3.527469204883239562e-01 1.826771627262267828e+01
2.513726218944739514e+02 3.281029736872072000e-01 1.843176186942163852e+01
2.513875276341261440e+02 3.540564737480710322e-01 1.835503618450761110e+01
2.510001629579018925e+02 3.240250994435870946e-01 1.846441627694204612e+01
2.510051086320567606e+02 3.609772762077536612e-01 1.819728508208758910e+01
2.510260300706412693e+02 3.968947684623449490e-01 1.825560045078475113e+01
2.510575339561073918e+02 4.346656614323803347e-01 1.836885619259660629e+01
2.510764154758959705e+02 4.406519101414788642e-01 1.827648458575315971e+01
2.510916942517091002e+02 4.280550679907487166e-01 1.834789548704779349e+01
2.511080960627014917e+02 4.188508915564246871e-01 1.854651957261836159e+01
2.511194540321282318e+02 4.317756128591454523e-01 1.835198906807713470e+01
2.511215214377991742e+02 4.235688173183019267e-01 1.844185151590115623e+01
2.511584088240722110e+02 4.344752166554755601e-01 1.841603545021537869e+01
2.511893806421719262e+02 4.376833276396235317e-01 1.835700738611598837e+01
2.511779716256915833e+02 4.415295267938130763e-01 1.814606721718950766e+01
2.511711254304640875e+02 4.377186679075027453e-01 1.811402144761590449e+01
2.511718695394377789e+02 4.246545488814805203e-01 1.835337126522085782e+01
2.511844663815884928e+02 4.254084745962374292e-01 1.841303349079386109e+01
2.512039918795917686e+02 4.195498435211472144e-01 1.852704708501690334e+01
2.512320383088503775e+02 4.254654116944873166e-01 1.860457577935107309e+01
2.512413622495258494e+02 4.367801874604876344e-01 1.853782390337185504e+01
2.512548013680610381e+02 4.278567698209819192e-01 1.868719347225985317e+01
2.513007299728665203e+02 4.248391036137387222e-01 1.878957226495776922e+01
2.513034099431806965e+02 4.161002407064912090e-01 1.887367817581390739e+01
2.512995009168836305e+02 4.240714344614732179e-01 1.870874710896975301e+01
2.513194308646192781e+02 4.369509987552372410e-01 1.863067260383166968e+01
2.513252521920782954e+02 4.442036070633415545e-01 1.853744301381804505e+01
2.513163091409566334e+02 4.056395214142389793e-01 1.875356838538169413e+01
2.513400499475785921e+02 4.279981308924988292e-01 1.858882383661801541e+01
2.513610322499577876e+02 4.422952325978630750e-01 1.856781208401559624e+01
2.513955341681489983e+02 4.418397358118641427e-01 1.871908413732442611e+01
2.514133456631601291e+02 4.469974515740162690e-01 1.882165730149568006e+01
2.514170799514660359e+02 4.433750741163951514e-01 1.892284434182677799e+01
2.514392756030424039e+02 3.996670161426490453e-01 1.928895773696631366e+01
2.514690811923020988e+02 4.156310004829836813e-01 1.950890574750556539e+01
2.514711780481962649e+02 4.241794186133264200e-01 1.936914480478428757e+01
2.514787389021742001e+02 4.287402765179626485e-01 1.930354148751114352e+01
2.514993972520978502e+02 4.198031154409483934e-01 1.944048895223959050e+01
2.515227768026481669e+02 4.397428799176964498e-01 1.942298570289829485e+01
2.515310699855104986e+02 4.313534929928102279e-01 1.963703188870171701e+01
2.515460974527520364e+02 4.453246788943993617e-01 1.941152563936434561e+01
2.515444600203402956e+02 4.298083379472016352e-01 1.959422304421067551e+01
2.515554488803025208e+02 4.276192046869048413e-01 1.964994875661157536e+01
2.515485418212803381e+02 4.291820298664530409e-01 1.943547259754895506e+01
2.515525902453007348e+02 4.162985388762580063e-01 1.949442212771972649e+01
2.515488638103876724e+02 3.877946494834431101e-01 1.956075581052904511e+01
2.515706766090620192e+02 4.128469727133864953e-01 1.956218512802993814e+01
2.515623127456639452e+02 3.950610012290559636e-01 1.972429093679196654e+01
2.515801870678179739e+02 4.077147804780359985e-01 1.962448805695280640e+01
2.515891458257253532e+02 3.975937204270674763e-01 1.972444996799742256e+01
2.515925797217543050e+02 3.930328625224312478e-01 1.976921823400754619e+01
2.515837053878201743e+02 3.634550216557307922e-01 1.974158214452598870e+01
2.516030266976090388e+02 3.830590535876262082e-01 1.974337075475031966e+01
2.515896720030471272e+02 3.949844306486509637e-01 1.959060655679769880e+01
2.516048585014941068e+02 4.056964585124888667e-01 1.963517848798627341e+01
2.516148107135985299e+02 3.639831623257037685e-01 1.980323324184130485e+01
2.516113061370338642e+02 3.810426949702945265e-01 1.966670397028276085e+01
2.516100122905598369e+02 3.905610071191006338e-01 1.953957128328366011e+01
2.516085868997553803e+02 3.879458272960375487e-01 1.933809052605952061e+01
2.516012714643043751e+02 3.914052468517711381e-01 1.933672992574616956e+01
2.515829220118821752e+02 3.677626076405658972e-01 1.922158347960277425e+01
2.515712636501784800e+02 3.990367813654694396e-01 1.896279455131603342e+01
2.515553192993203027e+02 3.576081706699336671e-01 1.903242665912740961e+01
2.514445550463939298e+02 3.131520770260771691e-01 1.888506755881209642e+01
2.514780654737362795e+02 3.321867379754738780e-01 1.872641724290936693e+01
2.515067323210309951e+02 3.650747839335288791e-01 1.873440807014650389e+01
2.515205385856824876e+02 3.938260552014984373e-01 1.885256040240784969e+01
2.515326092505114559e+02 3.945348239072985486e-01 1.894028280067696102e+01
2.515348985145307381e+02 3.942128347999544480e-01 1.889552827810434721e+01
2.515422689237317684e+02 3.877062988137450206e-01 1.900697773955793224e+01
2.515391511267655460e+02 3.715950633572469020e-01 1.892215520660313288e+01
2.515431740272591128e+02 3.578987462058295654e-01 1.893700204580883906e+01
2.515791661267459176e+02 3.652377418354164629e-01 1.892430310955090533e+01
2.515892400664397144e+02 3.645132663438921949e-01 1.888944975202911891e+01
2.516095253802023706e+02 3.554484876328695697e-01 1.923132365009993450e+01
2.516446634232154054e+02 3.514157703982062619e-01 1.946260017984269552e+01
2.516567713916604703e+02 3.581539814738462502e-01 1.943532730978100886e+01
2.516436797857594456e+02 3.610617001810206839e-01 1.928512331790141587e+01
2.516295770555274203e+02 3.731107681796227982e-01 1.916328774438776961e+01
2.516274644928475084e+02 3.704209811243702744e-01 1.907551233571683724e+01
2.516358185395045268e+02 3.573607887947790607e-01 1.926119010315431623e+01
2.516495894638881339e+02 3.605806798682200665e-01 1.911165757636442919e+01
2.516685102506410203e+02 3.532632810690038427e-01 1.946589664149654197e+01
2.516794892938621899e+02 3.687207215697361762e-01 1.937550801635076425e+01
2.516648584229601795e+02 3.837324820255471058e-01 1.907513733620767482e+01
2.516677739950602017e+02 3.877887594387965375e-01 1.897281940730444205e+01
2.516856110135981623e+02 3.821244998370421087e-01 1.913273804615439033e+01
2.516939041964604655e+02 3.775498984948972847e-01 1.913149524673396940e+01
2.516915560319947360e+02 3.717835447859361708e-01 1.913629955981733133e+01
2.517020010445012588e+02 3.359072828438706138e-01 1.949111388597658845e+01
2.517122811357576779e+02 3.526114494614535633e-01 1.935971484330518066e+01
2.517294231290273103e+02 3.645014862545991607e-01 1.929709581531961504e+01
2.517079990732996464e+02 3.704681014815425777e-01 1.919711623414105617e+01
2.517176744533056763e+02 3.556055554901106364e-01 1.942093204066486933e+01
2.517278936807674370e+02 3.548555564717847388e-01 1.919396113355872657e+01
2.517304048031350874e+02 3.388758653457260017e-01 1.941871934722598425e+01
2.517455363278320419e+02 3.391311006137426309e-01 1.947897057726364167e+01
2.517484401198427690e+02 3.521166857111443504e-01 1.939675537073904366e+01
2.517790526452190534e+02 3.519458744163947439e-01 1.960731465011171437e+01
2.517728779150812670e+02 3.407940565522820098e-01 1.972361554500583125e+01
2.517787169126741844e+02 3.475322676279219425e-01 1.970065811432183978e+01
2.517941625730856288e+02 3.436742883844393082e-01 1.977514361892196604e+01
2.517820467512477194e+02 3.450741556620999240e-01 1.959378521755861513e+01
2.517957764453187792e+02 3.504301695940188477e-01 1.958978587724361731e+01
2.517776036942360065e+02 3.141946149285144707e-01 1.973713319746963535e+01
2.517756521261097760e+02 3.436841051255168367e-01 1.966961365233814973e+01
2.517844479261152912e+02 3.444655177152909364e-01 1.954467402529577669e+01
2.517923896696470365e+02 3.370205012820663981e-01 1.968020198926441111e+01
2.517779237199951297e+02 3.125944861328715518e-01 1.960672368229884555e+01
2.517968955538016189e+02 3.321985180647669123e-01 1.949803272508805563e+01
2.517929001401830647e+02 3.340676255659351113e-01 1.956025319338587209e+01
2.518047587634047488e+02 3.167292974747415446e-01 1.982108989386139442e+01
2.518109217134532685e+02 3.288156690894383782e-01 1.963581264945988281e+01
2.518044505177349208e+02 2.987253943384891031e-01 1.967548406350253387e+01
2.517991396608119601e+02 3.257371390875142825e-01 1.943176383276985320e+01
2.518215257571652330e+02 3.310735195372780937e-01 1.950333180192172478e+01
2.518061429238966866e+02 3.038379530916844318e-01 1.966588329072867580e+01
2.517998209426427536e+02 3.302606933760557917e-01 1.953122116332308522e+01
2.518017509139386050e+02 3.077509060852014477e-01 1.964694287049362487e+01
2.518208130617630047e+02 3.284956433303097834e-01 1.963815099718456025e+01
2.518310421059658211e+02 3.219753639065917605e-01 1.975101799604974318e+01
2.518210270667185000e+02 2.985251328205068000e-01 1.990560025444992931e+01
2.518393038752567179e+02 3.181232747077556433e-01 1.980497865840489879e+01
2.514513011108624312e+02 3.173183019393953641e-01 1.931293218202593920e+01
2.515011564120989362e+02 3.327462922168950010e-01 1.943177364951093011e+01
2.515477093616369473e+02 3.651749146925200584e-01 1.949103338869975133e+01
2.515511903780230796e+02 3.948411062289185480e-01 1.941078938378353058e+01
2.515597878798587885e+02 4.023685832871946588e-01 1.928395512571318449e+01
2.515700640444187854e+02 3.984497402490310702e-01 1.945552427287398700e+01
2.515873081317956519e+02 3.927383602901043380e-01 1.952269826871954450e+01
2.515928545905044587e+02 3.813470139436990203e-01 1.947199676440214233e+01
2.515970993493463936e+02 3.961153192207863549e-01 1.920060510392002229e+01
2.515866621902327438e+02 3.928267109598024276e-01 1.915726615541079170e+01
2.515885175542964021e+02 3.854621918034138450e-01 1.908991938492227192e+01
2.515964789313102870e+02 3.836794716237282299e-01 1.905496785998971276e+01
2.516005116485449662e+02 3.756513407704963892e-01 1.902691946738289630e+01
2.516067295723434825e+02 3.722763451880298780e-01 1.901575390608127591e+01
2.516147086194913243e+02 3.841663819811754199e-01 1.878384125151668727e+01
2.516266045463291334e+02 3.776716260842590267e-01 1.887074297023171354e+01
2.516274468227135799e+02 3.694550138023379726e-01 1.876477714034405864e+01
2.516363349000852168e+02 3.674582886671614035e-01 1.893766369415746809e+01
2.516388008654438977e+02 3.764288266638394220e-01 1.893912835192623945e+01
2.516768171769408582e+02 3.619098666101222550e-01 1.930435824036879566e+01
2.516724605072506336e+02 3.774536944323371168e-01 1.913496644637899635e+01
2.516866064311434172e+02 3.825093160872826137e-01 1.906832059120341327e+01
2.516830056505161508e+02 3.839072200167277238e-01 1.908384674889169119e+01
2.516751954513148632e+02 3.756395606812032995e-01 1.908892200402879169e+01
2.516781934840399515e+02 3.808110198808640212e-01 1.886418931388833187e+01
2.517029414882964886e+02 3.641225600490051728e-01 1.915838526389363494e+01
2.516894179457880227e+02 3.642953346919702851e-01 1.894069510380221999e+01
2.517125324443292698e+02 3.484668213785060420e-01 1.900819305210333354e+01
2.517046417478511273e+02 3.528961349527029445e-01 1.892846933446422142e+01
2.516950684619522747e+02 3.312698543588293854e-01 1.902347182791645608e+01
2.517189957866547161e+02 3.425060961962091421e-01 1.920425889494909200e+01
2.517352483831827499e+02 3.431088440983716126e-01 1.910842197850526247e+01
2.517344335936733160e+02 3.447443131618937451e-01 1.921739369451087143e+01
2.517378733797468726e+02 3.467901220024581233e-01 1.902734944064209444e+01
2.517457346260017914e+02 3.457554374928828445e-01 1.915618042384761210e+01
2.517271495717937455e+02 3.479386807085331212e-01 1.909055550974409599e+01
2.517459250707786964e+02 3.534419457566155276e-01 1.926500685208527130e+01
2.517397797908641621e+02 3.515767649518783400e-01 1.920752197968327124e+01
2.517377143485414308e+02 3.522423399969371594e-01 1.918391271739173121e+01
2.517583079079739434e+02 3.755845869311689178e-01 1.909414254693383839e+01
2.517550624933736856e+02 3.396454978462070118e-01 1.922193295558513526e+01
2.517488210093965790e+02 3.573391919644084425e-01 1.902377614688986185e+01
2.517616043696277757e+02 3.580067303576827675e-01 1.910352146135934248e+01
2.517761586699493819e+02 3.595636654925844500e-01 1.919605406275646331e+01
2.517651757000318185e+02 3.626559389320170856e-01 1.893058975053697424e+01
2.517541829133731426e+02 3.238503614524064766e-01 1.916718499059556180e+01
2.517440166963132242e+02 3.506893315584665438e-01 1.883781762065756382e+01
2.517561069946243606e+02 3.508051691031818242e-01 1.895636654925844411e+01
2.517779060498612012e+02 3.231278493090977699e-01 1.911415691864277733e+01
2.517680107748550142e+02 3.090526059520864455e-01 1.911755351105561473e+01
2.517878386284834846e+02 3.284976066785252891e-01 1.913991604723030449e+01
2.517758504242795539e+02 3.314288855642859022e-01 1.904513933882285670e+01
2.517667758288274626e+02 2.997816756784350001e-01 1.918284269261427610e+01
2.517617398406546556e+02 3.421448401245548165e-01 1.881317367385644701e+01
2.517919734398253411e+02 3.268974778828823702e-01 1.915986366509991612e+01
2.517770068363784901e+02 2.987312843831356202e-01 1.918274648855171804e+01
2.517895781550024026e+02 3.279733927049833797e-01 1.918877004087691063e+01
2.517518975760502826e+02 3.092489407736377371e-01 1.903065964573344715e+01
2.517738851127158171e+02 3.236579533272861964e-01 1.902692535742754387e+01
2.518013150506347415e+02 3.280460365889573682e-01 1.900790247656743759e+01
2.514122874184719763e+02 3.212862286829467617e-01 1.927996756548747825e+01
2.514331205063867856e+02 3.471121111098022238e-01 1.886011929303757384e+01
2.514731924434653934e+02 3.770433546552949267e-01 1.900360470732368157e+01
2.514763102404316157e+02 4.049543128870249920e-01 1.897040448899936038e+01
2.514794142939603603e+02 4.202880624501800222e-01 1.878581637982149388e+01
2.515031904408502044e+02 3.994255243121409560e-01 1.891843858843116521e+01
2.514905189914672974e+02 3.899778926990933314e-01 1.896477949636191696e+01
2.515103645152296963e+02 3.794621996568067201e-01 1.912912155874141362e+01
2.515380948454256043e+02 3.906120541727039486e-01 1.915403841094448723e+01
2.515587473053045642e+02 3.803751565770202014e-01 1.921779029085040591e+01
2.515547086980252516e+02 3.840760679632618246e-01 1.914621054160923919e+01
2.515728362920990833e+02 3.950295876576077614e-01 1.903827940015785458e+01
2.515690627368288688e+02 3.937730447996795613e-01 1.906432910428127769e+01
2.515991746084102090e+02 3.942638818535577627e-01 1.924724247743131400e+01
2.516063231592628711e+02 3.931212131921293373e-01 1.924933736997726541e+01
2.516205633238699875e+02 3.848025068030015428e-01 1.943519380210235425e+01
2.516243054655687672e+02 3.783273843882403176e-01 1.949012239512775579e+01
2.516128179151598090e+02 3.877220055994691217e-01 1.916144612376161760e+01
2.516219199974869127e+02 3.712279172409460037e-01 1.936719520000628236e+01
2.516208794229326884e+02 3.774890347002163860e-01 1.921369867316927582e+01
2.516284088633391889e+02 3.786788237188171147e-01 1.918033746029128395e+01
2.516566457373747028e+02 3.717403511251948789e-01 1.943477953562888061e+01
2.516650213808620720e+02 3.754078855917727942e-01 1.939372788779072110e+01
2.516873839170367546e+02 3.687305383108137047e-01 1.948548103994628278e+01
2.516903407194493241e+02 3.695276576863119056e-01 1.928005787950539229e+01
2.516988537973117843e+02 3.758280421098925128e-01 1.941447655173226039e+01
2.516896083905649277e+02 3.787553942992221145e-01 1.932878818221442074e+01
2.516946502687823681e+02 3.630780587983523655e-01 1.960662747823628393e+01
2.516941397982463400e+02 3.677429741584107847e-01 1.947495356681470469e+01
2.517160998480368619e+02 3.725551406346326866e-01 1.937102961907118015e+01
2.517130664750438882e+02 3.597010998676703486e-01 1.955151629382683964e+01
2.517314650111714514e+02 3.533869720065811459e-01 1.976541719186231560e+01
2.517193707861638927e+02 3.737311862157248754e-01 1.945255961706856240e+01
2.517438517750631206e+02 3.594360478585760799e-01 1.983612521449579091e+01
2.517486187845303789e+02 3.197469636819846861e-01 2.004263214315164632e+01
2.517523157692201892e+02 3.554229641060679401e-01 1.978450878990996031e+01
2.517894289405380448e+02 3.475852780297408184e-01 2.024708933627050200e+01
2.517917869217448583e+02 3.502966619153639605e-01 2.027671233414616125e+01
2.518162247169833563e+02 3.500276832098387358e-01 2.030468611952078462e+01
2.518207188210486720e+02 3.569052920087800729e-01 2.021476477125029803e+01
2.518277122673923145e+02 3.522501933897992377e-01 2.030757420474580499e+01
2.518273824248921073e+02 3.625185045569311870e-01 2.014319680209842645e+01
2.518241723505597633e+02 3.522069997290579457e-01 2.022543753214982587e+01
2.518242587378812232e+02 3.744006879572147062e-01 1.995969049778730664e+01
2.518028013052338849e+02 3.748424413057050986e-01 1.990656622177196056e+01
2.517904832585297754e+02 3.713319746963681944e-01 1.979368940616569716e+01
2.517839531623649805e+02 3.757514715294875129e-01 1.975671759591937615e+01
2.517838000212041720e+02 3.732953229118810001e-01 1.983878947802424264e+01
2.517683700675784451e+02 3.638202044238161847e-01 1.984225282427640735e+01
2.517936108722370818e+02 3.659072435769062936e-01 1.985722531776790944e+01
2.517804093188359786e+02 3.713948018392645989e-01 1.973492639407540139e+01
2.517936501392013895e+02 3.671814565687741005e-01 1.987915395398697171e+01
2.518016095528670633e+02 3.769275171105797018e-01 1.984519391990324522e+01
2.517788209701296296e+02 3.358797959688534229e-01 1.988885682086803541e+01
2.517959433299170939e+02 3.651297576835632608e-01 1.982667954623095952e+01
2.517744269968233084e+02 3.611853911185979871e-01 1.962150573101344264e+01
2.517795572257104482e+02 3.578634059379503518e-01 1.973960308952475273e+01
2.517822902064264383e+02 3.519203508895930588e-01 1.983486278159321614e+01
2.517946612635323902e+02 3.496782072274774444e-01 1.992406358106861219e+01
2.517557830421687868e+02 3.297286260096518040e-01 1.955379181440861913e+01
2.515599783246356935e+02 2.990552368386952264e-01 1.956942595624874670e+01
2.515983303686775230e+02 3.228961742196672646e-01 1.941189082213243111e+01
2.516403951041948801e+02 3.567600042408321515e-01 1.943037770892970073e+01
2.516742569708678445e+02 3.785060490758520024e-01 1.964587873576081734e+01
2.516945992217287653e+02 3.969831191320430386e-01 1.979961675442833169e+01
2.517293563751879901e+02 4.118083615073802051e-01 2.000067931848256819e+01
2.517265625306773131e+02 4.273266658027934373e-01 1.981038375604220292e+01
2.517303969497422145e+02 4.213168569151087284e-01 1.999293194642415372e+01
2.517481868479229661e+02 4.161257642332928941e-01 2.029523456121130565e+01
2.517589754463672307e+02 3.882187326979938402e-01 2.025615018828509406e+01
2.517577365736432284e+02 3.746657399663089194e-01 2.046008709412684112e+01
2.517587025409652597e+02 3.496860606203395228e-01 2.051766817059139925e+01
2.517694479457487660e+02 3.514412939250079471e-01 2.062191018074583582e+01
2.517958942462117307e+02 3.459556990108651475e-01 2.071776280397538628e+01
2.518122253766683514e+02 3.369949777552647130e-01 2.079829345773107718e+01
2.518135526000620530e+02 3.377194532467889254e-01 2.053029642631357987e+01
2.518249125328370042e+02 3.377017831128493186e-01 2.042875794665190270e+01
2.518178346625200845e+02 3.596107858497567533e-01 2.011969356061052139e+01
2.518202103138608550e+02 3.489949620484790183e-01 2.018766663917979187e+01
2.518293438097594219e+02 3.454530818676939119e-01 2.022183871487079188e+01
2.518172260245732730e+02 3.416932700349868401e-01 2.018369085904337723e+01
2.518235892361397532e+02 3.521206124075753618e-01 2.009098548300329412e+01
2.518108471062210754e+02 3.532102706671849668e-01 1.991611987418864516e+01
2.518257665893107458e+02 3.424275622675886366e-01 2.000933375741654885e+01
2.518188163366278332e+02 3.637573772809197803e-01 1.973987403157849130e+01
2.518054655687623438e+02 3.614759666544938854e-01 1.968739177042962041e+01
2.517988392685349766e+02 3.567109205354443424e-01 1.959091872916396682e+01
2.517921972615219204e+02 3.531376267832110338e-01 1.948197057333694460e+01
2.517960081204082314e+02 3.506402478530787348e-01 1.948029387396089973e+01
2.517976494795163944e+02 3.492933909772369394e-01 1.953312757444034631e+01
2.517808235853094345e+02 3.581166778577514753e-01 1.915717780474109233e+01
2.517996795815712403e+02 3.550322578111808625e-01 1.930566386693211101e+01
2.518016507831796105e+02 3.590335614743959680e-01 1.925240215654168097e+01
2.518039616440292718e+02 3.571134069196244543e-01 1.931795246341300754e+01
2.518084027376927452e+02 3.578850027683209700e-01 1.919282435494194416e+01
2.518036475083147820e+02 3.645996536653747788e-01 1.905956994820687456e+01
2.517843320885705509e+02 3.271644932401920891e-01 1.919748927030200392e+01
2.517868765878578756e+02 3.401913086501195949e-01 1.915196118853247498e+01
2.517946612635323902e+02 3.431127707948026240e-01 1.917758484609313285e+01
2.518073425296563812e+02 3.402286122662143142e-01 1.926846234494457377e+01
2.518028660957249940e+02 3.521304291486529459e-01 1.899651505691746323e+01
2.518219949973887424e+02 3.400165706589389214e-01 1.937140069188390967e+01
2.518313287548052983e+02 3.517161626751797443e-01 1.919923665021380899e+01
2.518358287489152474e+02 3.554700844632402434e-01 1.926279023194995688e+01
2.518268267973471097e+02 3.471651215116210443e-01 1.916213525898526271e+01
2.518198353143516783e+02 3.350041426647347165e-01 1.917527202189526037e+01
2.518291965586432468e+02 3.352888281559840977e-01 1.932931043283974759e+01
2.518218497096208068e+02 3.358955027545775240e-01 1.931553361841149297e+01
2.518274197285082039e+02 3.292024486878943890e-01 1.934773449249411925e+01
2.518384714156133271e+02 3.230866189965719837e-01 1.927797673039695070e+01
2.518354046657007075e+02 2.954976498721860190e-01 1.935908657187621529e+01
2.518563202142405544e+02 3.182783792167811487e-01 1.944119968429360767e+01
2.518729537003223697e+02 3.113006396588486324e-01 1.971280338638300123e+01
2.518715499063482923e+02 2.929551139330969223e-01 1.981483662979498561e+01
2.518620963846906022e+02 3.229315144875464783e-01 1.949447317477333286e+01
2.518547456089717116e+02 2.966854755425712975e-01 1.963603254446002211e+01
2.518863398084557446e+02 3.130382028295774499e-01 1.992963163660780523e+01
2.519091440979789240e+02 3.158791676974244678e-01 1.983384773056579675e+01
2.518723254288934186e+02 2.857928196429062040e-01 1.987135553487495443e+01
2.518976035371681519e+02 3.217751023886094575e-01 1.972166397687961137e+01
2.514859758036965900e+02 3.214766734598514808e-01 2.009705222898923083e+01
2.515345294050662233e+02 3.346134363698476943e-01 1.988933980452905104e+01
2.515628428496821414e+02 3.721663976879611146e-01 1.976160633297600455e+01
2.515830594462572662e+02 3.984929339097723622e-01 1.988237384506041394e+01
2.516058264321643492e+02 4.236021942379656346e-01 1.968867580016256369e+01
2.516165738002960666e+02 4.155995869115354791e-01 1.997614139248508991e+01
2.516669552788543456e+02 4.333168412083230336e-01 1.994478475813513185e+01
2.516743256880553758e+02 4.080976333800609979e-01 2.004903069498600132e+01
2.516963780152120194e+02 3.800845810411243031e-01 2.001115967125697637e+01
2.517163354498227079e+02 3.731304016617779107e-01 1.996054651760927001e+01
2.517250114855870606e+02 3.725551406346326866e-01 1.990866307766613019e+01
2.517394951053728960e+02 3.767135121550888033e-01 1.998848103601958570e+01
2.517650794959692462e+02 3.804968841663819989e-01 1.990149685667950763e+01
2.517622817247621470e+02 3.818771179618875022e-01 1.990139868926873135e+01
2.517567077791782992e+02 3.790440064869025072e-01 1.973344995621733489e+01
2.517453812233229939e+02 3.703640440261203870e-01 1.967913981787981825e+01
2.517512948281481329e+02 3.641382668347292739e-01 1.965625306773158698e+01
2.517513164249785120e+02 3.703071069278704996e-01 1.947393066239441950e+01
2.517216050764331499e+02 3.656166680410103953e-01 1.916197819112802136e+01
2.517234977441129047e+02 3.708823679550157792e-01 1.907265173736683650e+01
2.517336816313067516e+02 3.733876002780101011e-01 1.913202731410037316e+01
2.517164139837513233e+02 3.740001649212501000e-01 1.889711662681069626e+01
2.517128387266508867e+02 3.612580350025719755e-01 1.898606022766986001e+01
2.517090101976306187e+02 3.610204698684949531e-01 1.878113183097928029e+01
2.517101037825866854e+02 3.636984768344543872e-01 1.877038642619577757e+01
2.517035246027164987e+02 3.541232275873984481e-01 1.887974099510341119e+01
2.517107791743728171e+02 3.564969155799534439e-01 1.894975202912037915e+01
2.517123537796416599e+02 3.560806857582647367e-01 1.879316911888858854e+01
2.517121240679004472e+02 3.538719190158128303e-01 1.867228184256303436e+01
2.517104022115154294e+02 3.616291078153038852e-01 1.850504973161029909e+01
2.517180906831273717e+02 3.603921984395308531e-01 1.857878916388852986e+01
2.517139971020980340e+02 3.281775809193966942e-01 1.857413602861776525e+01
2.517271986554991372e+02 3.453117207961769464e-01 1.857144427821429389e+01
2.517304440700993950e+02 3.521304291486529459e-01 1.853371068886035644e+01
2.517541495364534967e+02 3.508699595942937344e-01 1.855683107744623328e+01
2.517711874722677123e+02 3.508385460228455321e-01 1.859441152563936583e+01
2.517764040884763119e+02 3.519929947735670472e-01 1.868630603886644082e+01
2.517803190048180682e+02 3.452174800818323397e-01 1.869755995083776057e+01
2.517691141765521365e+02 3.536323905335202467e-01 1.846240580836936118e+01
2.517518190421216673e+02 3.198785080124240676e-01 1.858728457161705450e+01
2.517815343173634517e+02 3.267404100256413035e-01 1.886066117714505452e+01
2.517735317100370196e+02 3.382888242292876324e-01 1.860301688086795835e+01
2.518052103334943297e+02 3.594419379032226525e-01 1.852744564470465249e+01
2.517994911001425464e+02 3.157181731437524452e-01 1.874744470229751059e+01
2.518086304860857467e+02 3.323084655648356756e-01 1.873075231576921951e+01
2.518352436711470261e+02 3.391311006137426309e-01 1.875699835471419519e+01
2.517941782798713746e+02 2.992947653209878101e-01 1.873670322421044077e+01
2.518158713143045588e+02 3.204459156467072689e-01 1.889019975104744731e+01
2.518347705042270945e+02 3.180152905559024412e-01 1.893142024683213620e+01
2.518236186863629769e+02 3.262260127931769782e-01 1.877228498392017642e+01
2.518211095273435376e+02 2.946514467913000090e-01 1.885290398834556669e+01
2.518384635622204542e+02 3.113988070696242505e-01 1.901050783964942426e+01
2.518757671783152148e+02 3.129832290795430683e-01 1.921941594317284796e+01
2.518892357470736272e+02 2.842672980794527793e-01 1.964296316366078088e+01
2.518968751349801778e+02 3.062077143878084162e-01 1.954835530319986603e+01
2.518995531419461429e+02 3.097888615329037476e-01 1.961221909395406726e+01
2.519046872975297049e+02 2.818288195957858733e-01 1.968448601507066087e+01
2.519160059999921373e+02 3.140159502409028414e-01 1.945296799349739203e+01
2.519109209281139670e+02 3.090408258627933558e-01 1.957473288647527809e+01
2.519039098116363675e+02 3.133680453297835733e-01 1.956711705874730356e+01
2.515684914024981538e+02 3.262063793110218657e-01 2.039832997600788644e+01
2.516143787769911171e+02 3.357600317277071866e-01 2.035015922754027784e+01
2.516668630014882240e+02 3.660525313448542706e-01 2.038669910117918604e+01
2.516758492462706158e+02 4.080956700318454922e-01 2.017727463707508306e+01
2.516925808997632146e+02 4.007232974825949423e-01 2.015374587206037660e+01
2.517056096785213697e+02 4.003954183306042691e-01 2.019091598047646485e+01
2.517182281175024627e+02 3.932370507368445622e-01 2.030268154099274724e+01
2.517167006325908005e+02 3.985498710080222495e-01 2.023048530041191029e+01
2.517349735144325678e+02 3.728790930901922929e-01 2.040669776610240049e+01
2.517232326921038066e+02 3.736683590728284154e-01 2.026651666686300146e+01
2.517306639650995237e+02 3.763758162620206016e-01 2.010873807756795983e+01
2.517436593669380045e+02 3.749523888057738064e-01 2.010809017265684062e+01
2.517751200587433686e+02 3.756827543419445914e-01 2.032254669823730708e+01
2.517782908661114334e+02 3.733012129565275172e-01 2.022692182340075462e+01
2.517887731822340527e+02 3.757357647437634118e-01 2.010722433609380033e+01
2.518185964416277045e+02 3.581284579470445650e-01 2.045357270474776712e+01
2.518139511597497915e+02 3.615976942438556829e-01 2.032438635551524087e+01
2.518187397660474289e+02 3.550204777218877727e-01 2.036446810933493623e+01
2.518233104406931488e+02 3.567717843301252412e-01 2.017337542751907264e+01
2.518327678890472612e+02 3.410080615077729083e-01 2.044573305532322749e+01
2.518435309639646960e+02 3.571173336160554657e-01 2.016240816438721950e+01
2.518354871263257451e+02 3.496566103971068262e-01 2.028890276321627795e+01
2.518620001806280300e+02 3.482115861104893573e-01 2.028257096522125025e+01
2.519072710637813373e+02 3.435584508397240278e-01 2.055895149351898610e+01
2.518756591941633474e+02 3.678411415691864028e-01 2.002672902260599130e+01
2.518801788217554645e+02 3.441454919561623416e-01 2.032860755417859266e+01
2.518879988376978645e+02 3.420191858387620076e-01 2.032994852100978989e+01
2.519081958007908497e+02 3.610440300470810771e-01 2.057972371763911212e+01
2.519149988023575872e+02 3.340754789587971896e-01 2.055503068713260717e+01
2.519419339765262009e+02 3.262495729717631021e-01 2.086501588348706449e+01
2.519580079083666249e+02 3.383811015954167334e-01 2.082973255270608348e+01
2.519663678450682767e+02 3.354616027989492100e-01 2.095189011532707468e+01
2.519607801560469227e+02 3.365924913710846011e-01 2.072763844549941581e+01
2.519435125084914944e+02 3.414537415526943120e-01 2.053994628279282253e+01
2.519378816258093821e+02 3.347057137359767953e-01 2.059068901742275060e+01
2.519548096141235476e+02 3.326284913239642149e-01 2.056345148762894226e+01
2.519470799121990581e+02 3.350905299862173004e-01 2.054759352409224604e+01
2.519580059450183853e+02 3.139236728747737404e-01 2.077575618356520337e+01
2.519953998751310564e+02 3.128340146151641354e-01 2.105284548056874172e+01
2.519915791995036614e+02 3.195388487711403602e-01 2.081266320332041531e+01
2.519964325962924079e+02 3.229393678804085566e-01 2.094831682157484209e+01
2.519994345557139184e+02 3.160696124743292423e-01 2.090306949860013219e+01
2.519888187319126587e+02 3.110571844801250374e-01 2.043065454102808687e+01
2.519842539473116005e+02 3.209249726112923806e-01 2.032691711136503798e+01
2.519786368080669945e+02 3.227096561391935570e-01 2.039021545783317180e+01
2.519589051585010964e+02 3.231808597109165904e-01 2.009290171086163568e+01
2.519520550365771783e+02 3.144930438572724474e-01 2.013911500115837683e+01
2.519766086693603881e+02 3.210093965845594588e-01 2.017828968810250245e+01
2.519672788386402544e+02 3.124118947488288556e-01 2.018548143261592642e+01
2.519830936085162136e+02 3.127378105526039676e-01 2.023526016327203791e+01
2.519811184802114212e+02 3.180898977880918799e-01 2.005330883074760351e+01
2.519585124888579912e+02 3.282011410979828736e-01 1.971630992629590651e+01
2.519618815943958055e+02 3.190244515386759794e-01 1.977202582195572944e+01
