2.500000000000000000e+02 1.005648771819197984e+00 1.536271260282610562e+01
2.500000000000000000e+02 1.198842041904325084e+00 1.386090974232566175e+01
2.500000000000000000e+02 1.299584396228037564e+00 1.305909828312648635e+01
2.499979844650176233e+02 1.364877181919802895e+00 1.251386740806557896e+01
2.499670520794519746e+02 1.363988649717676083e+00 1.247693198429304395e+01
2.501073553268938667e+02 1.144088967869529183e+00 1.200330992576456701e+01
2.504431505632147719e+02 7.843939350511622832e-01 1.149999713376709032e+01
2.508295405428645211e+02 5.797930579838918019e-01 1.131801771331938511e+01
2.509925695778038914e+02 5.163048525323167270e-01 1.112052509386912824e+01
2.511070767290549952e+02 4.653684542405915892e-01 1.113014875748803334e+01
2.511910172260597847e+02 4.407337556249820709e-01 1.118909455702370437e+01
2.512563100117515660e+02 4.222545788070738437e-01 1.105184900685029703e+01
2.513155263836739266e+02 4.050617673192123402e-01 1.116901946172145976e+01
2.513515262690246175e+02 3.938697010519074948e-01 1.107271059646306810e+01
2.514074315686892760e+02 3.785170110923213871e-01 1.119487632204993055e+01
2.514343317377970095e+02 3.724623806930550951e-01 1.104526584310240978e+01
2.514663716357591170e+02 3.590816589756083421e-01 1.118532030152770140e+01
2.515034010719710977e+02 3.568975894981226138e-01 1.118999340766430706e+01
2.515146573418556102e+02 3.637662300438533891e-01 1.106079280002293075e+01
2.515587709593281431e+02 3.499532804035656031e-01 1.118256871793401963e+01
2.515726286222018473e+02 3.509255066066668816e-01 1.113408122904067099e+01
2.515970764424316997e+02 3.449236148929462065e-01 1.127721631459772489e+01
2.515974582246553268e+02 3.470641176301986208e-01 1.120125541001461755e+01
2.515943076614405811e+02 3.395522944194445114e-01 1.119108486915646772e+01
2.516085195907019454e+02 3.316942302731519798e-01 1.124615781478402887e+01
2.516154444094127030e+02 3.344217375103901158e-01 1.112861589612771951e+01
2.516223612026713283e+02 3.557144085528389787e-01 1.121025079537963265e+01
2.516252171171429382e+02 3.542296999054143081e-01 1.117619765542147903e+01
2.516358141534581137e+02 3.477554530081114481e-01 1.116304623233683913e+01
2.516300897130900864e+02 3.538960703946802955e-01 1.099803949668950054e+01
2.516334477915675336e+02 3.293679956433259726e-01 1.101553268938634034e+01
2.516290979965031909e+02 3.529593854796641006e-01 1.096252113846771259e+01
2.516353716070968005e+02 3.530511049327868522e-01 1.097158989939522478e+01
2.516419272550087385e+02 3.546424374444667182e-01 1.090940067069850095e+01
2.516476562813494127e+02 3.313881165983547650e-01 1.096368024305655098e+01
2.516445286479979302e+02 3.459520192610851530e-01 1.082171687351314127e+01
2.516649969904554496e+02 3.395912751870217017e-01 1.088764137693829070e+01
2.516560933245435479e+02 3.196721029550861348e-01 1.083075467912522605e+01
2.516544160050445669e+02 3.410289776147209517e-01 1.077110034681418149e+01
2.516470199776433958e+02 3.248003668778124964e-01 1.076433030468055918e+01
2.516389922325088264e+02 3.481762159993120886e-01 1.076881767892458974e+01
2.516446387113416847e+02 3.493639829172518474e-01 1.061876465361575228e+01
2.516470188311502056e+02 3.309937229499269051e-01 1.057697727077302297e+01
2.516428100547450413e+02 3.521694516896443083e-01 1.062569405829917812e+01
2.516459743758777847e+02 3.308561437702427499e-01 1.061520249935509774e+01
2.516441629166785958e+02 3.498191407033735545e-01 1.057648313221932490e+01
2.516432720914901608e+02 3.424769984808965773e-01 1.048406661125283001e+01
2.516442683940497034e+02 3.553612886583163988e-01 1.041552351744102722e+01
2.516555338358795098e+02 3.338702742984894778e-01 1.045897904783742760e+01
2.516482421393562561e+02 3.525374759952993875e-01 1.045644988391756769e+01
2.516508412393591243e+02 3.311737223766803018e-01 1.042546819914586287e+01
2.516607882140502852e+02 3.568081630313279518e-01 1.043978331279199701e+01
2.516602069420161172e+02 3.664088967869529312e-01 1.038352603972598764e+01
2.516544091260855964e+02 3.387944624380176961e-01 1.042276018229241252e+01
2.516559763822408229e+02 3.602132477285104328e-01 1.041856172432571803e+01
2.516553309065894553e+02 3.344160050445699195e-01 1.058697813064289583e+01
2.516503688841755206e+02 3.566040872481298085e-01 1.025704720685602922e+01
2.516473662185789237e+02 3.537149244747628263e-01 1.037749777866949508e+01
2.516485482530310378e+02 3.464988965003296117e-01 1.029503511135314930e+01
2.516594594284731556e+02 3.605778325546734053e-01 1.041709994554157426e+01
2.514159614778296827e+02 2.520622545788070989e-01 1.031457938032044552e+01
2.514707134053713276e+02 2.430175700077388257e-01 1.032637335549886792e+01
2.514833294161483650e+02 2.876780647195391061e-01 1.014380005159219245e+01
2.514920003439479501e+02 3.029333027601822659e-01 1.020747628192266987e+01
2.514937785548453633e+02 3.034870589584109379e-01 1.006870589584109688e+01
2.515124893232824093e+02 3.073278110579265587e-01 1.003879044971194290e+01
2.515167405199346433e+02 3.081326492590787947e-01 1.002014847086474170e+01
2.515245504313680556e+02 3.037473129066468047e-01 1.007239301785663166e+01
2.515262208719080377e+02 3.078884462151394441e-01 9.938667201696809173e+00
2.515296167846599076e+02 3.132677921407893695e-01 9.989018888474877400e+00
2.515161603943936370e+02 3.157361919229556557e-01 9.886648513858236953e+00
2.515249310670985210e+02 3.200940124394508479e-01 9.899014589125512131e+00
2.515283544956863295e+02 3.222746424374444696e-01 9.900278024592278570e+00
2.515208484049413755e+02 3.252222763621772095e-01 9.720824328584940943e+00
2.515244311960790071e+02 3.186265011894866550e-01 9.753528046089025239e+00
2.515483929032073149e+02 3.163530052452062091e-01 9.941742096362750303e+00
2.515461469230989735e+02 3.175648485195907145e-01 1.009659204906990659e+01
2.515437736822494230e+02 3.258081343689988030e-01 1.005680071082576177e+01
2.515613941356874648e+02 3.074321419358537200e-01 1.005611740089999628e+01
2.515708951245378273e+02 3.184843360371463761e-01 1.030013929891942936e+01
2.515734082375533944e+02 3.291111811745822679e-01 1.018844564189286039e+01
2.515876717590071507e+02 2.964086101636618786e-01 1.048368368253604288e+01
2.515830181432543213e+02 3.223044512597093569e-01 1.029858694717532686e+01
2.515835822178910348e+02 3.218962996933130705e-01 1.031036487144945468e+01
2.515884674252629907e+02 3.247751440282037327e-01 1.034828054687723942e+01
2.515980693055117570e+02 3.159414141993178160e-01 1.045663102983748516e+01
2.515856401731204812e+02 3.246811315887528915e-01 1.031877325231448239e+01
2.515797403192983381e+02 3.051873083206741444e-01 1.024264037375677106e+01
2.515976909627676434e+02 3.295009888503540041e-01 1.030278081916936550e+01
2.515932265183868708e+02 3.238258476883831838e-01 1.023205250938691258e+01
2.516022092923271032e+02 3.106847430422196021e-01 1.030527444180114038e+01
2.515936885551319904e+02 3.387256728481756185e-01 1.014152311616842006e+01
2.515936713577345358e+02 3.183857376250394111e-01 1.017094557023703771e+01
2.515724383043366004e+02 3.412387858637392912e-01 9.979087964688011070e+00
2.515702817506950737e+02 3.416343260053311681e-01 9.862535469632263130e+00
2.515738416119693852e+02 3.180463756484852023e-01 1.005465791510218132e+01
2.515701395855427336e+02 3.471157098225801652e-01 9.941351142193814994e+00
2.515650285190174600e+02 3.169675255811287284e-01 9.860580698787583032e+00
2.515608380865029119e+02 3.342153687408638829e-01 9.786381954197597821e+00
2.515549428186534442e+02 3.300283757058098399e-01 9.752558112872252494e+00
2.515560296941729348e+02 3.184178394336323881e-01 9.708946659405542690e+00
2.515579947834561096e+02 3.386545902720055068e-01 9.798375419186562851e+00
2.515561374645303658e+02 3.197259881337957688e-01 9.844211069391498370e+00
2.515487070423342573e+02 3.516111095187595126e-01 9.703033047665453381e+00
2.515491106079280144e+02 3.237604975780332128e-01 9.798602424833042335e+00
2.515381065665395965e+02 3.402184069477485751e-01 9.685361002035024924e+00
2.515322583049098455e+02 3.222884003554128962e-01 9.660181719166500258e+00
2.515372191808306468e+02 3.390214680844965689e-01 9.777595230588437047e+00
2.515220361718593267e+02 3.209515893261486452e-01 9.613995242053368528e+00
2.515260362865086279e+02 3.411080856430393493e-01 9.629926911060792349e+00
2.515262277508670365e+02 3.151434549571497934e-01 9.771206970678436576e+00
2.515167863796611982e+02 3.427876981283499158e-01 9.563809796784086714e+00
2.515229510734042151e+02 3.449236148929462065e-01 9.664121069678122566e+00
2.515163667631631768e+02 3.144119923184958143e-01 9.791091748115452020e+00
2.515187250996015962e+02 3.451540600189171304e-01 9.776877525867751828e+00
2.515058522743558171e+02 3.503591389836337999e-01 9.554548425005016554e+00
2.515124170942130775e+02 3.199449683281263557e-01 9.722704577373956880e+00
2.515046060362865035e+02 3.395763707758892580e-01 9.661374072057094864e+00
2.515030869328441554e+02 3.281355154919888828e-01 9.621618275101035067e+00
2.514907414944538289e+02 3.466880678723953113e-01 9.673430594170081775e+00
2.512881836682048800e+02 2.436091604803806432e-01 9.613811803147124024e+00
2.513288876150076021e+02 2.419948981054200476e-01 9.642746997621026495e+00
2.513470824615208130e+02 2.938943506549342444e-01 9.518421278913123729e+00
2.513498351916076672e+02 3.009384046547622371e-01 9.576735360715412426e+00
2.513694677405486004e+02 3.074332884290177370e-01 9.560296941729484743e+00
2.513841990312132850e+02 3.119206626730487986e-01 9.542764768265069364e+00
2.513911811745822433e+02 3.111169709650606352e-01 9.474171228754048713e+00
2.513945530109776598e+02 3.129387486027114806e-01 9.396092751296970746e+00
2.513907753160021912e+02 3.124251196652240159e-01 9.405856287081888922e+00
2.513939453696007433e+02 3.103029608185960964e-01 9.419407836280775825e+00
2.514158204591705044e+02 3.105964630685889571e-01 9.509022327954369302e+00
2.514168282266616927e+02 3.126681762159992939e-01 9.490732322508527830e+00
2.514028008827997382e+02 3.205056034853392410e-01 9.361354008426724604e+00
2.513848146980423621e+02 3.114895812433718381e-01 9.359239875032244527e+00
2.513857146951761194e+02 3.123540370890538487e-01 9.391299263378142470e+00
2.513926200235030990e+02 3.196239502421966971e-01 9.325262403622918583e+00
2.513986356731348053e+02 2.985536988735704722e-01 9.398031471237352719e+00
2.513946768322393837e+02 3.173963140244776548e-01 9.394266387686663222e+00
2.513896574851672483e+02 3.010817163002665331e-01 9.304782596233769354e+00
2.513881372352317385e+02 3.173309639141276839e-01 9.333716644214508307e+00
2.513777958668921428e+02 3.024953423715210921e-01 9.283788013413969864e+00
2.513677686376794895e+02 3.318260769870159388e-01 9.245067499785031728e+00
2.513578893060850135e+02 3.062455215110779783e-01 9.307225773166328153e+00
2.513524801513370903e+02 3.369050417036888456e-01 9.204487374244031628e+00
2.513512442317062607e+02 3.115973516007911059e-01 9.253980337642236265e+00
2.513493055117658912e+02 3.372902634068044581e-01 9.231713147410358644e+00
2.513340560061910764e+02 3.039445097308607346e-01 9.321716300266560395e+00
2.513448846341253784e+02 3.279807389148441943e-01 9.154464731004042122e+00
2.513466479406116605e+02 3.122382412794863504e-01 9.148410100604774442e+00
2.513381214709507390e+02 3.058889621370632361e-01 9.192795436957206689e+00
2.513283533491931507e+02 3.303998394909570258e-01 9.191150219266818411e+00
2.513272469832898537e+02 3.292258304909856936e-01 9.215452434864857878e+00
2.513315658230387726e+02 3.093811803147124007e-01 9.350476081286364760e+00
2.513245252085184518e+02 3.379804522915532128e-01 9.321207257301727722e+00
2.513067396600647783e+02 3.169629396084726047e-01 9.235469059015736448e+00
2.512939631402447844e+02 3.387245263550116015e-01 9.420972799449684132e+00
2.513047057811917853e+02 3.094728997678351523e-01 9.343687695262117288e+00
2.512962813494224577e+02 3.301923242282667759e-01 9.379265671128436566e+00
2.512979781593052166e+02 3.325701510504743830e-01 9.302464387056092576e+00
2.512868892774226879e+02 3.071902318782424035e-01 9.331386970105191025e+00
2.512831666141190681e+02 3.328991945885522719e-01 9.289554874029063214e+00
2.512858826564246613e+02 3.193831866777494533e-01 9.224416864914443792e+00
2.512876734787468820e+02 3.381914070337355693e-01 9.291763019862994355e+00
2.512773091805440231e+02 3.050313852503654388e-01 9.438045229155321181e+00
2.512742939035225902e+02 3.318788156725615557e-01 9.448527616154088093e+00
2.512503413683396047e+02 3.277973000085986910e-01 9.364378457393447874e+00
2.512417827968700692e+02 3.106125139728854179e-01 9.308504113044225647e+00
2.512385382212158618e+02 3.320828914557596989e-01 9.400059617644529908e+00
2.512145581701969093e+02 3.395419759809681914e-01 9.275694918169049785e+00
2.512121516810456114e+02 3.051552065120811674e-01 9.334029636848290679e+00
2.512100765284187105e+02 3.314511737223767018e-01 9.385900427068703422e+00
2.512002442030439511e+02 3.074883201008913880e-01 9.348085643039352632e+00
2.511918977328097640e+02 3.323832726647367175e-01 9.293182378400068444e+00
2.511819071913783716e+02 3.029161053627217881e-01 9.241732351170856674e+00
2.511919447390294806e+02 3.260454584539539957e-01 9.245406861761587436e+00
2.511691146206540850e+02 3.090372323655020126e-01 9.098536501476109706e+00
2.511655639313250674e+02 3.309272263464129171e-01 9.165234887786981588e+00
2.511475101034710065e+02 3.052893462122732160e-01 9.154402820373183758e+00
2.511342004643297230e+02 3.345788070738628384e-01 8.993130212961105485e+00
2.511334300209234982e+02 3.227401186620424967e-01 9.062605405715268958e+00
2.508255369887357062e+02 2.329525065206798640e-01 8.887733096391412957e+00
2.508634985238900583e+02 2.349944108458253411e-01 8.967640230445125482e+00
2.508823892917538387e+02 2.925552466393419038e-01 8.828711628306916026e+00
2.509005027372524239e+02 3.060735475364728120e-01 8.746483992089197912e+00
2.509095852560978983e+02 2.952334546705265295e-01 8.883837312620023852e+00
2.509076052624036208e+02 3.057055232308177328e-01 8.755189314683711643e+00
2.509204975780331779e+02 3.081406747112270250e-01 8.707041187766918711e+00
2.509142056235489804e+02 3.171796268164751020e-01 8.634598870704232709e+00
2.509332901487574929e+02 3.134237152110980751e-01 8.801255410014617198e+00
2.509430651494740516e+02 3.142491902892028954e-01 8.700821462352029911e+00
2.509386683481899638e+02 3.139407836280775910e-01 8.737778669494682404e+00
2.509500851271174326e+02 2.876975551033276735e-01 8.782497635357849219e+00
2.509503625784631140e+02 3.215913325116798727e-01 8.666512654418298212e+00
2.509556158101407277e+02 2.983507695835363460e-01 8.749883344320560141e+00
2.509498065292785611e+02 2.920072229069334280e-01 8.810934105305397779e+00
2.509415678294018051e+02 3.217415231161684375e-01 8.631307288830290858e+00
2.509416755997592361e+02 2.941511651236779490e-01 8.721273753905242287e+00
2.509365702656997996e+02 3.053558428157872040e-01 8.586066668577489125e+00
2.509534626959786863e+02 2.910774169509014464e-01 8.692632061681331734e+00
2.509487368511565251e+02 2.880609934363266289e-01 8.770437673765369979e+00
2.509467201696809866e+02 3.213528619335607184e-01 8.707379403250307348e+00
2.509471191493020683e+02 3.097985038264209345e-01 8.565481383817248329e+00
2.509350809710797137e+02 3.062936742239674159e-01 8.707653415116512363e+00
2.509284496546189303e+02 3.075788930608501226e-01 8.721091461492161301e+00
2.509194588552265657e+02 3.363042792857347529e-01 8.560302674195305883e+00
2.509394972627475795e+02 3.084112470979391563e-01 8.654004413998681144e+00
2.509442311330218729e+02 3.318386884118203484e-01 8.642056808736278128e+00
2.509492573590530071e+02 2.976204534380463840e-01 8.749474046260999671e+00
2.509607624179540721e+02 3.247120869041818514e-01 8.778110006019089084e+00
2.509491014359826977e+02 3.061526555647912096e-01 8.649149015448994504e+00
2.509645756542176684e+02 3.221634326005330951e-01 8.594027917108544301e+00
2.509645022786551749e+02 2.893576772048496726e-01 8.618373699446816971e+00
2.509577528733985048e+02 2.853460976238929026e-01 8.732003783427440879e+00
2.509504061452033454e+02 3.122416807589784571e-01 8.779328728252457026e+00
2.509650365444695979e+02 2.908767806471954098e-01 8.749578377138925944e+00
2.509501137894465330e+02 3.157144085528389987e-01 8.619055862879417163e+00
2.509426638768666464e+02 2.867345008455386979e-01 8.746424374444666583e+00
2.509419175098168466e+02 3.162544068330992442e-01 8.840342801456046118e+00
2.509665143741580380e+02 2.925621255983261171e-01 8.967093353205880746e+00
2.509377740835220152e+02 2.989263091518816751e-01 8.925056034853392717e+00
2.509249711943592445e+02 3.260225285906732662e-01 8.818146693800338554e+00
2.509230863595975904e+02 3.045166098197139570e-01 8.937395740777896336e+00
2.509196721029550758e+02 3.263091518816819137e-01 8.860947576600073816e+00
2.508984986672016930e+02 3.000395540141592154e-01 8.895867465390237427e+00
2.508913376708991336e+02 3.251844420877640363e-01 8.772593080913754449e+00
2.509048777551663818e+02 2.922766488004815422e-01 9.033686262145662837e+00
2.508905236607526774e+02 3.091438562297572079e-01 8.909678122044196513e+00
2.508933887471695812e+02 3.145346670870474703e-01 9.045058327839720747e+00
2.508770844678838614e+02 2.901785663102983692e-01 9.020219553440911753e+00
2.508601014646450267e+02 3.204368138954971634e-01 8.863106423227952391e+00
2.508739717389435100e+02 2.826036859755223785e-01 9.009132964544699362e+00
2.508696953194416608e+02 2.839290320731462369e-01 9.100516495170397846e+00
2.508700518788156728e+02 3.181988592393018012e-01 9.066200808277681489e+00
2.508678941786809560e+02 3.242179483504829540e-01 9.058793315944853930e+00
2.508537372810914690e+02 2.994514030210094768e-01 9.082406489151308548e+00
2.508400401272607496e+02 3.228306916220012313e-01 9.028632520278597084e+00
2.508515600905729741e+02 2.949743472154547352e-01 9.059294333457536652e+00
2.508282931583020456e+02 3.273066009343919558e-01 8.816997907649975375e+00
2.508198274527788101e+02 3.164779730000860103e-01 8.944185273295307326e+00
2.508129920605348389e+02 2.959935796382814344e-01 8.979364269540543120e+00
2.505422270629711363e+02 2.439794777723637842e-01 9.103912407922267747e+00
2.505764028776978307e+02 2.446719596434406285e-01 9.014207343288715535e+00
2.506002052222763723e+02 2.984367565708389569e-01 8.872362062541201411e+00
2.506059227836854006e+02 3.124457565421766003e-01 8.888541374072056911e+00
2.506074659634842021e+02 3.096013070022070046e-01 8.926924818710768150e+00
2.506221101206683954e+02 3.155928802774513597e-01 8.885327753733267997e+00
2.506274436068675016e+02 3.230542577889879419e-01 8.789862707443607093e+00
2.506199971337671002e+02 3.186104502851901943e-01 8.796740519934649782e+00
2.506280053885178631e+02 3.163702026426667424e-01 8.858762360629425459e+00
2.506237599243314378e+02 3.142033305626415474e-01 8.787769210926079211e+00
2.506217936885551296e+02 3.099452549514173372e-01 8.798680386368197048e+00
2.506224254062885279e+02 3.034939379173951512e-01 8.875064346928830616e+00
2.506133383014703782e+02 3.081636045745076991e-01 8.751577861217002763e+00
2.506140055604918473e+02 3.112579896242368416e-01 8.727083034767405323e+00
2.506168649144429423e+02 2.875897847459084611e-01 8.792632634927914026e+00
2.506106646794118546e+02 3.115984980939551230e-01 8.782917251855886676e+00
2.506216790392387281e+02 2.902026426667431158e-01 8.876675169824299161e+00
2.506235799249047034e+02 3.200905729599587413e-01 8.903985783484765548e+00
2.506014732437157875e+02 3.038665481957064096e-01 8.745054315113646837e+00
2.506118604717819380e+02 3.251397288543667052e-01 8.835282180629997484e+00
2.506131628880162907e+02 3.010759838344463923e-01 8.854871162830692199e+00
2.506079130958181622e+02 3.249597294276133086e-01 8.877757459371148130e+00
2.506141695090142889e+02 3.284519476052624176e-01 8.793968299464014038e+00
2.506268256470520726e+02 2.947897618160451594e-01 8.978735991286651341e+00
2.506184963742153684e+02 3.225039410702513765e-01 8.862112413654733345e+00
2.506264346928831515e+02 2.954501418785290268e-01 9.002819226690361276e+00
2.506085986987302476e+02 3.257886439852102356e-01 8.925826478259622832e+00
2.506348419272549961e+02 3.232170598182808607e-01 8.846895009888504191e+00
2.506484748774685443e+02 2.986947175327467341e-01 8.901218148986787426e+00
2.506394783456103710e+02 3.226621571268881161e-01 8.908825131130155839e+00
2.506459078792742616e+02 3.019152168305196393e-01 9.003949668950099294e+00
2.506599581529995078e+02 3.260076241795408225e-01 9.046859468600418452e+00
2.506610542004643207e+02 3.064025910745507009e-01 9.004579093697154590e+00
2.506638986500043131e+02 3.291868497234085034e-01 9.027054945684886533e+00
2.506608650290922640e+02 3.046415775745937027e-01 9.024882341139040420e+00
2.506542704004127415e+02 3.270555189314683919e-01 9.020555475937975132e+00
2.506544240304967275e+02 3.220075095302244450e-01 9.072419387199403218e+00
2.506566241508785140e+02 2.987061824643870711e-01 9.069635701797128746e+00
2.506489254492820180e+02 3.203129926337814348e-01 9.117677204849666595e+00
2.506493439192868777e+02 3.273088939207199899e-01 9.090888245578835125e+00
2.506359035799249000e+02 2.946498896500329701e-01 9.165158072744990392e+00
2.506370959328154981e+02 3.175614090400986078e-01 9.148461692797155820e+00
2.506316053770529493e+02 3.165960617959815426e-01 9.201171716013643476e+00
2.506351847287110672e+02 2.880598469431626119e-01 9.317007652841869714e+00
2.506294006706984874e+02 3.177631918369686614e-01 9.234065751382956933e+00
2.506309289460861578e+02 3.217873828427297855e-01 9.190283470434806645e+00
2.506391791108945597e+02 3.158840895411161309e-01 9.247979592421680550e+00
2.506506772908366543e+02 2.970506463355212512e-01 9.312149961305856039e+00
2.506583587950356957e+02 3.143328842901774167e-01 9.367713606007624705e+00
2.506694878041789707e+02 3.154243457823383001e-01 9.238542807188512285e+00
2.506404138840322275e+02 2.935584281578720867e-01 9.256416635615810407e+00
2.506349565765714260e+02 3.214342629482071501e-01 9.229610478947519070e+00
2.506411889134110993e+02 2.860970506463355045e-01 9.481770185445268950e+00
2.506381014073203630e+02 3.207853478173636197e-01 9.280614520335921824e+00
2.506373183524893307e+02 3.253610020350253818e-01 9.310471495313709767e+00
2.506268600418470101e+02 3.027544498265928863e-01 9.131795121671586912e+00
2.506163214766831970e+02 3.341225027945771142e-01 8.950095445555906082e+00
2.506222110120668276e+02 2.999914013012697223e-01 9.216139184270113915e+00
2.506212238814526074e+02 3.215087850038694239e-01 9.161998337584911667e+00
2.506187027429849081e+02 3.020092292699704806e-01 9.122053369256786226e+00
2.504503918140387952e+02 2.429178251024678159e-01 8.952641806873225860e+00
2.504858528476023878e+02 2.401329932070279949e-01 8.930852704290749955e+00
2.504913617472555813e+02 2.871277480008025407e-01 8.873066009343919092e+00
2.505252933589383417e+02 2.954581673306773126e-01 9.094649889650032293e+00
2.505218641978847245e+02 2.997724211069391353e-01 9.134750781048467161e+00
2.505292051936140467e+02 3.014015878930321746e-01 9.069355957465104368e+00
2.505311806013356772e+02 2.933772822379546730e-01 9.013756771475250673e+00
2.505410152196967601e+02 2.959305225142594975e-01 9.004175528103413484e+00
2.505411562383559385e+02 2.974943391900025658e-01 8.974435495428359388e+00
2.505316506635329290e+02 2.998240132993206797e-01 8.789386912780532413e+00
2.505245366734500863e+02 2.939780446559087657e-01 8.871650090286337331e+00
2.505202797443320151e+02 2.867998509558886688e-01 8.908632520278597866e+00
2.505198991086015781e+02 2.887041761013500185e-01 8.939954713520020135e+00
2.505284381896873072e+02 2.908217489753217588e-01 9.031300409871306556e+00
2.505225658517011027e+02 2.867562842156553549e-01 8.981382097509243323e+00
2.505068737997649748e+02 2.938954971480982614e-01 8.859591275187021608e+00
2.505245905586288018e+02 2.904021324772850798e-01 8.880126114248044544e+00
2.505203244575654082e+02 2.905328326979850218e-01 8.904533807217173802e+00
2.505106572272062806e+02 2.701069104875462035e-01 8.823974318553124974e+00
2.504966069534810345e+02 2.921356301413052803e-01 8.783618905672275545e+00
2.505016905041703694e+02 2.797489179970764628e-01 8.889896528991945601e+00
2.505121247384562366e+02 2.789910860156496475e-01 9.007806471953911043e+00
2.504955086130298980e+02 3.105976095617529742e-01 8.974398807647109066e+00
2.505104095846828614e+02 3.083963426868067126e-01 8.958774398807646477e+00
2.505136839691593309e+02 2.869718249304938351e-01 8.927880994009573357e+00
2.505018257903637391e+02 3.157660007452205431e-01 8.962226489724555378e+00
2.505065814440081340e+02 2.923855656510648271e-01 9.024221961076557719e+00
2.504999615924789964e+02 3.220591017226059893e-01 8.866434692883144564e+00
2.504869294046834227e+02 2.929427613287855503e-01 8.904587692395883991e+00
2.504785691765312947e+02 3.258987073289575376e-01 8.840413884032216174e+00
2.504658969875892183e+02 3.010645189028060553e-01 8.651320473501677100e+00
2.504670675571096865e+02 3.185210238183954767e-01 8.851040729169652010e+00
2.504526355011608132e+02 2.938175356129438809e-01 8.731053340594456813e+00
2.504476987015964937e+02 3.241686491444294993e-01 8.743246295393964473e+00
2.504365696924532187e+02 2.983026168706469083e-01 8.870766144056865699e+00
2.504220149617357833e+02 3.244919602166871919e-01 8.816691793975177660e+00
2.504082398463699235e+02 2.957184212789131239e-01 8.839401530568373744e+00
2.503831580154203209e+02 3.198452234228553182e-01 8.704643870560921926e+00
2.503765026226031125e+02 2.932832697985038317e-01 8.740839806242655996e+00
2.503723775401989258e+02 3.237478861532288033e-01 8.692059961592478956e+00
2.503461916363323780e+02 3.035890968500100096e-01 8.767465963484193381e+00
2.503406150935824996e+02 3.256086445584568390e-01 8.568082776806443590e+00
2.503488320100891258e+02 3.011734357533893403e-01 8.721684198457966275e+00
2.503503637249562814e+02 3.341144773424288283e-01 8.696886697813063449e+00
2.503550884232852809e+02 3.072143082346871501e-01 8.768919716816188981e+00
2.503535074092120851e+02 3.291421364900111723e-01 8.826710997735675690e+00
2.503544933933331436e+02 3.343472154547278419e-01 8.688574622373813838e+00
2.503564252343145426e+02 3.155940267706153768e-01 8.630611367479721352e+00
2.503559723695147454e+02 3.475766000745220685e-01 8.556037719625097182e+00
2.503467190231878305e+02 3.142296999054143281e-01 8.663989222964257664e+00
2.503572908366533909e+02 3.146183610880219916e-01 8.720244203043939990e+00
2.503711141047321576e+02 3.390294935366447993e-01 8.633382441457193579e+00
2.503651408753475209e+02 3.075926509788185492e-01 8.764169795637593907e+00
2.503508635959757953e+02 3.347977872681934253e-01 8.659455988993665088e+00
2.503637066123993122e+02 2.962870818882742396e-01 8.776689500988849701e+00
2.503791934420590906e+02 3.201731204677691900e-01 8.730733469001691560e+00
2.503701716873513021e+02 2.924818710768437025e-01 8.745215970649775628e+00
2.503681274900398535e+02 3.171899452549514220e-01 8.685934248617042996e+00
2.503811092321361969e+02 2.946602080885092900e-01 8.764244317693256292e+00
2.503784046547622495e+02 3.204574507724497479e-01 8.804621513944223210e+00
2.500437066123993191e+02 2.515566510934678646e-01 8.666973544670240059e+00
2.500754381037002929e+02 2.579919172231935343e-01 8.857744274699761888e+00
2.500702949353664337e+02 3.084055146321190155e-01 8.656406317177333776e+00
2.500929576657399309e+02 3.148728825704376622e-01 8.593444352088051019e+00
2.500980423629223992e+02 3.142377253575625584e-01 8.640042420247068478e+00
2.501039147009086037e+02 3.015552179770127905e-01 8.755798102553812967e+00
2.501118369686720655e+02 3.084765972082891272e-01 8.645972082891455912e+00
2.501097251282639320e+02 3.070939264524635282e-01 8.675569950414169895e+00
2.501252303018143266e+02 3.023210754105878917e-01 8.847504944251769032e+00
2.501131783656740026e+02 3.075192754163203479e-01 8.750299521339103492e+00
2.501209401243945081e+02 3.106652526584310348e-01 8.721589039525351694e+00
2.501497526440998627e+02 3.120009171945312132e-01 8.893940210381495959e+00
2.501292992060534743e+02 3.211189773280976878e-01 8.822259164779730156e+00
2.501394410845825291e+02 3.157946630743214134e-01 8.914766258706182001e+00
2.501502433431740542e+02 3.194531227607555479e-01 8.832146521826363283e+00
2.501466777494339055e+02 3.089500988850353846e-01 8.959738599558599859e+00
2.501461400441399974e+02 3.166659978789876373e-01 8.861877382556105687e+00
2.501430674424603637e+02 2.911278626501189737e-01 8.970011178308348931e+00
2.501517968414113398e+02 3.060792800022930082e-01 9.029787038894781404e+00
2.501437668032904469e+02 2.963191836968672166e-01 8.943991515950585836e+00
2.501366080999742110e+02 3.246341253690274709e-01 8.893261486428386320e+00
2.501281079996560379e+02 3.240196050331050071e-01 8.849512453781994026e+00
2.501206042018974358e+02 2.980446559087391312e-01 8.886665711255696820e+00
2.501033941930121216e+02 3.209527358193126623e-01 8.877710453151422598e+00
2.500980721717446897e+02 3.182951646650806765e-01 8.912742698271662434e+00
2.501027383989222983e+02 2.977293702886296689e-01 8.813503396485998564e+00
2.501087024563616126e+02 3.174616641348275703e-01 8.973374989251626133e+00
2.501054315113645998e+02 3.032921551205250976e-01 9.012954226260426083e+00
2.500916185617243173e+02 3.342016108228954563e-01 8.918972742125024666e+00
2.500986110235317597e+02 3.053340594456705470e-01 8.897419817134339937e+00
2.500940055604918371e+02 3.277342428845768096e-01 8.963571326205967083e+00
2.500808873857089623e+02 3.196033133652440572e-01 8.952663590243343350e+00
2.500649098569749640e+02 3.197305741064518925e-01 8.927230932385565865e+00
2.500948195706383217e+02 2.791596205107627071e-01 9.035050589010863220e+00
2.500802602539482393e+02 3.162303304766545531e-01 8.817284530940984411e+00
2.500742044770558152e+02 2.957264467310613543e-01 8.915417466823354786e+00
2.500686543036487137e+02 3.189750351113531668e-01 8.964149158760641001e+00
2.500606483418842743e+02 2.938347330104044142e-01 9.023997248416407047e+00
2.500514844220241457e+02 3.226610106337240991e-01 8.972338559431339178e+00
2.500475576829373097e+02 3.226449597294276384e-01 8.926130298948091735e+00
2.500467058385164307e+02 3.187537619306944903e-01 8.902535469632262277e+00
2.500359586115967829e+02 2.875290206082146138e-01 9.034691736650520610e+00
2.500400814010146462e+02 3.176921092607985497e-01 9.093436899882483715e+00
2.500353372123018687e+02 2.987440167388001888e-01 9.007338702742984538e+00
2.500290544297629651e+02 3.196250967353607142e-01 9.050365444696035766e+00
2.500087809911433396e+02 3.272825245779472092e-01 8.921885981254837006e+00
2.500157482301011669e+02 2.867987044627246518e-01 8.966975264409985158e+00
2.500245808134368986e+02 3.166935137149244905e-01 9.047454498552552238e+00
2.500106600934391849e+02 3.288142394450973005e-01 8.856803003812089514e+00
2.499998280260253978e+02 3.009854108744876577e-01 9.049512453781995092e+00
2.500148012267476929e+02 3.183582217891025579e-01 9.051924675399122933e+00
2.499906514947404617e+02 2.980091146206540476e-01 9.066324629539396440e+00
2.499786522972856915e+02 3.218722233368683794e-01 9.063725529536529990e+00
2.499530763277823837e+02 3.277296569119206859e-01 8.955705236607526487e+00
2.499483332855627964e+02 2.925781765026225778e-01 9.169233855943133449e+00
2.499340296368482939e+02 3.158852360342801480e-01 9.100838659749491910e+00
2.499475330333342811e+02 3.142812920977958724e-01 9.085201639485225300e+00
2.499351944739029534e+02 2.936157528160738273e-01 9.083805210811430442e+00
2.499131967095646303e+02 3.116122560119235496e-01 9.098875863452663637e+00
2.499101493307346118e+02 2.917813637536186278e-01 9.197368798188540140e+00
2.495977964401387226e+02 2.602298718793888965e-01 9.026878385737624910e+00
2.496236693513714897e+02 2.660792800022929727e-01 9.172701997764338699e+00
2.496250428501820124e+02 3.159265097881853723e-01 9.027206282782538338e+00
2.496341299550001338e+02 3.203084066611252556e-01 9.162119865860299583e+00
2.496346435839376170e+02 3.266657112556966558e-01 9.111013786580297591e+00
2.496341987445899804e+02 3.210754105878643738e-01 8.932793717217460738e+00
2.496302616870646887e+02 3.211602510820029122e-01 8.920472355183582280e+00
2.496182865659663435e+02 3.210008885322020999e-01 8.831172002636934693e+00
2.496416027974433121e+02 3.049431052767347938e-01 8.981501332798302428e+00
2.496571343403364835e+02 3.220602482157700064e-01 9.007399466880679384e+00
2.496362188655450041e+02 3.236171859325288613e-01 8.808207744561322272e+00
2.496306835965490620e+02 3.235782051649517266e-01 8.780138152426266274e+00
2.496154478488921882e+02 3.244953996961792986e-01 8.649059588982201063e+00
2.496116197082174892e+02 3.194691736650520086e-01 8.738716500902864226e+00
2.496219129238441781e+02 3.171589899395224621e-01 8.962323941643498770e+00
2.496173464415718399e+02 3.188397489179971012e-01 8.726758577201984224e+00
2.496113617472555859e+02 3.178996245234887996e-01 8.669840924073490385e+00
2.496155063200435791e+02 2.932076012496775408e-01 8.790028948952391730e+00
2.496049127232078888e+02 2.869970477801025988e-01 8.827480294648742287e+00
2.496013138811659928e+02 3.133572186075840316e-01 8.909668950098884821e+00
2.496004459858408211e+02 3.239496689500989124e-01 8.910262833557855089e+00
2.496048657169881722e+02 3.080730316145490200e-01 8.910925506606666602e+00
2.495959276562813614e+02 3.371389263091518762e-01 8.759544842213879079e+00
2.496170173980337665e+02 3.069425893548109463e-01 9.026528705322593993e+00
2.496081481269168023e+02 3.340525667115709640e-01 8.945183868841182218e+00
2.496050101751268357e+02 3.231173149130098232e-01 8.920269425893547321e+00
2.495767032589068322e+02 3.042563558714780902e-01 8.911740663246295213e+00
2.495733497664020319e+02 2.969635128550546233e-01 9.065555332626329843e+00
2.495456745679153983e+02 3.260878787010232371e-01 8.944194445240620794e+00
2.495401794261801740e+02 3.198108286279343071e-01 9.036468801054773792e+00
2.495317870962194320e+02 3.173321104072917009e-01 8.909558886755137408e+00
2.495017168735131463e+02 2.874304221961076489e-01 9.122234515176703695e+00
2.495015919057582607e+02 3.125948006535010926e-01 8.970273725242913443e+00
2.494908045515778667e+02 3.156937716758863588e-01 9.023207314626386477e+00
2.494733503396485901e+02 3.001381524262661804e-01 8.857416377654848461e+00
2.494609899968471325e+02 3.261039296053197534e-01 8.855078678093381228e+00
2.494594984092407230e+02 2.954753647281377904e-01 9.038152999512741204e+00
2.494548665768580236e+02 3.235862306170999569e-01 9.057132047350167525e+00
2.494361821777637545e+02 3.185955458740577506e-01 8.986763736421220727e+00
2.494506165266989512e+02 3.133147983605147902e-01 9.029410989136977150e+00
2.494299865287053137e+02 2.965404568775258931e-01 8.907033162314769825e+00
2.494354679125225687e+02 3.327283671071111226e-01 8.877961535154346606e+00
2.494259806815901754e+02 3.038631087162143030e-01 8.946864627819657301e+00
2.494058207457937897e+02 3.269649459715096573e-01 8.872719768408380503e+00
2.494055444409412701e+02 3.322835277594657355e-01 8.789894809252199792e+00
2.494000985984121144e+02 2.958089942388718585e-01 8.871501046175012561e+00
2.494093714351228073e+02 3.320163948522457109e-01 8.731055633580785624e+00
2.494089208633093619e+02 3.079251339963885448e-01 8.767352460660953639e+00
2.494096144916735796e+02 3.092252572444036951e-01 8.663203875146894717e+00
2.494122594514030311e+02 3.323190690475508191e-01 8.779386052910659544e+00
2.493899005417180206e+02 3.104646163547249982e-01 8.847144945398262905e+00
2.493727054372438374e+02 3.392656711284359194e-01 8.708819398664335409e+00
2.493987572014101772e+02 3.329106595201926089e-01 8.650261113818109138e+00
2.493860448852073830e+02 3.090865315715555228e-01 8.759990828054688095e+00
2.493671793401931893e+02 3.111995184728710839e-01 8.636926251827222956e+00
2.493581197512109782e+02 3.328005961764453069e-01 8.613700593310213094e+00
2.493472200407005062e+02 3.031912637220900431e-01 8.687258448221502505e+00
2.493452515119378461e+02 3.274258362234515052e-01 8.722135916764596431e+00
2.493185840809424292e+02 3.044936799564332830e-01 8.593836452750149846e+00
2.493079469173665075e+02 3.248060993436326371e-01 8.581830376336380795e+00
2.490120439106881918e+02 2.505282467253289180e-01 8.570240476941156871e+00
2.490219037518988898e+02 2.677726504055719658e-01 8.302583622345151682e+00
2.490708188827424010e+02 3.086703545530109505e-01 8.419038665481956230e+00
2.490871655822752189e+02 3.233477600389807471e-01 8.497743128206598939e+00
2.490795964344062554e+02 3.352644099859554694e-01 8.369020608214624346e+00
2.490736725042276873e+02 3.370827481441142082e-01 8.348319527644816773e+00
2.490788007681504155e+02 3.289885064060305564e-01 8.444467883860243163e+00
2.490775579695606154e+02 3.262162859353950894e-01 8.402317062684513616e+00
2.490891490154489816e+02 3.302164005847115225e-01 8.286874373011551498e+00
2.490916093897790233e+02 3.200481527128894443e-01 8.449988248445068351e+00
2.490898185674568026e+02 3.225119665223996068e-01 8.431396715297085009e+00
2.491032405629281357e+02 3.241927255008741904e-01 8.563438332998940083e+00
2.491173940210381375e+02 3.278787010232451227e-01 8.459920318725099975e+00
2.491334174094986906e+02 3.055301097767204599e-01 8.514493393333141924e+00
2.491290412450915710e+02 3.340055604918455434e-01 8.366069534810398167e+00
2.491278970449138797e+02 3.119458855226575622e-01 8.412239961019231771e+00
2.491216199948407848e+02 3.089615638166757217e-01 8.553622058528475236e+00
2.491346716730201365e+02 3.433059130384935043e-01 8.453964286737940981e+00
2.491174456132305295e+02 3.261383244002407644e-01 8.543632663590242871e+00
2.491148488062139847e+02 3.518060133566453529e-01 8.418530769010290626e+00
2.491269374301355697e+02 3.182836997334403395e-01 8.421481842414515029e+00
2.491393367537046117e+02 3.313789446530425176e-01 8.424552151107798537e+00
2.491367823669351367e+02 3.349433919000258109e-01 8.456938290005446390e+00
2.491230817736249321e+02 3.104806672590214589e-01 8.325073232250852939e+00
2.491149519905987688e+02 3.288532202126744908e-01 8.282526870933532237e+00
2.490896614978933314e+02 2.979334460718278121e-01 8.315767147238384283e+00
2.490970047866089487e+02 3.046048897933446020e-01 8.466148069592135172e+00
2.490796354151738399e+02 3.492390151623721017e-01 8.327164435782052010e+00
2.490786287941758133e+02 3.251741236492877163e-01 8.375012181489868368e+00
2.490794267534179767e+02 3.111192639513886693e-01 8.415107340422482096e+00
2.490740703373556073e+02 3.356794405113359692e-01 8.372558686118834359e+00
2.490880495285046834e+02 3.092344291897159425e-01 8.339821720312992070e+00
2.490809630542577793e+02 3.064667946917366548e-01 8.330700220699933212e+00
2.490707661440568756e+02 3.282925850554616054e-01 8.354742182349736979e+00
2.490666823354065684e+02 3.090475508039783326e-01 8.363493364670812724e+00
2.490672509960159289e+02 3.366585456734214055e-01 8.268265642466106513e+00
2.490772449769268349e+02 3.100828341311014924e-01 8.198263062856486982e+00
2.490756891857032258e+02 3.444375017913955950e-01 8.302443750179140380e+00
2.490795012754736319e+02 3.248129783026168504e-01 8.335778038923443489e+00
2.490938175356129420e+02 3.236125999598727376e-01 8.290465189601306406e+00
2.490995213391040295e+02 3.450921493880592661e-01 8.458859812548368495e+00
2.490854137407205826e+02 3.280713118748029289e-01 8.324122789417868873e+00
2.490987875834790373e+02 3.511869070480667099e-01 8.335507466536730803e+00
2.490845045716415029e+02 3.278867264753934085e-01 8.379018028605004886e+00
2.490816234343202780e+02 3.516936570265699613e-01 8.322481011206971147e+00
2.490708578635099855e+02 3.187870102324514843e-01 8.490754105878643543e+00
2.490909685001003311e+02 3.415185301957637254e-01 8.422405915904725759e+00
2.490705792656711424e+02 3.246410043280116842e-01 8.339906560807131441e+00
2.490595408294878155e+02 3.410691048754621590e-01 8.342239674395941051e+00
2.490450399839490956e+02 3.213024162343431911e-01 8.268690991429963333e+00
2.490536168993092474e+02 3.362721774771417760e-01 8.340766430680156773e+00
2.490583381581587332e+02 3.144578520450571624e-01 8.426993035054028525e+00
2.490397535039697345e+02 3.442609418441342495e-01 8.267507810484680419e+00
2.490382710883086474e+02 2.995259250766717507e-01 8.437618733698300844e+00
2.490208604431196022e+02 3.340800825475078173e-01 8.322818080197196267e+00
2.489953337728223914e+02 3.105815586574565135e-01 8.363299607326091234e+00
2.489795603198715810e+02 3.296614978933188334e-01 8.342497635357849717e+00
2.489554484221387725e+02 3.089122646106222669e-01 8.364585972656138679e+00
2.489424827309467219e+02 3.334586832526010847e-01 8.390335062627189089e+00
2.489398446501762692e+02 3.329828885895267931e-01 8.323305339791911450e+00
2.486184161196938760e+02 2.498483762790564278e-01 8.363282409928631367e+00
2.486635271862191416e+02 2.646175012181489761e-01 8.447392587921694229e+00
2.486802487890165878e+02 3.154392501934707438e-01 8.405332339705925193e+00
2.486742858780704637e+02 3.161454899825159592e-01 8.457220327323797804e+00
2.486955762561265715e+02 3.306428960417323593e-01 8.319751210983405088e+00
2.487051322766488113e+02 3.309455702370374675e-01 8.333827854051421014e+00
2.487131462638654114e+02 3.270612513972885327e-01 8.349573791166269743e+00
2.487353194416578219e+02 3.254160337068990327e-01 8.432519132104674853e+00
2.487172277795293667e+02 3.219387199403823674e-01 8.345409727994496762e+00
2.487297302874831644e+02 3.218962996933130705e-01 8.369564045974376754e+00
2.487245504313680442e+02 3.239496689500989124e-01 8.351738370259967681e+00
2.487242110693914867e+02 3.146882971710281418e-01 8.493815242626615358e+00
2.487148866404884018e+02 2.954478488922009927e-01 8.500336495743644250e+00
2.487001908911118164e+02 3.255306830233024584e-01 8.421058786436985244e+00
2.487228318381151553e+02 3.030938118031471507e-01 8.556795551606523276e+00
2.487123964573361263e+02 3.332935882369801317e-01 8.545558772105820822e+00
2.486963753618618966e+02 2.971251683911834696e-01 8.715391097480580385e+00
2.486898781851013212e+02 3.269729714236578877e-01 8.745391384103871957e+00
2.486826506921952387e+02 3.303906675456447783e-01 8.658051534867723831e+00
2.486752076585743225e+02 3.044776290521367668e-01 8.657472555819886395e+00
2.486858173063143056e+02 3.249138697010519050e-01 8.612612571297542985e+00
2.486885643039353511e+02 3.015093582504514425e-01 8.554914156324342045e+00
2.486837937458797967e+02 3.253254607469402981e-01 8.553126773481613654e+00
2.486828582074579401e+02 3.056126572845309641e-01 8.664983232537476709e+00
2.486731428243859057e+02 3.252383272664736702e-01 8.596802430565507080e+00
2.486549433919000194e+02 3.021261715727019959e-01 8.722649545702083174e+00
2.486416234343202802e+02 3.244885207371950853e-01 8.761419358537073876e+00
2.486457095359568825e+02 3.279257072429705433e-01 8.694991544612914680e+00
2.486246782653558398e+02 3.072716328928888907e-01 8.625383358651724564e+00
2.485988913411103738e+02 3.301762733239703151e-01 8.534371291811172711e+00
2.485962521138467594e+02 2.951772765054888614e-01 8.698271661555217804e+00
2.485763489925191436e+02 3.264226547049213223e-01 8.585840809424173159e+00
2.485765370173980386e+02 3.009131818051534735e-01 8.619958152999512180e+00
2.485600366877812633e+02 3.237387142079165558e-01 8.616320330190031740e+00
2.485587296855742636e+02 3.028427298002235868e-01 8.727981885408008011e+00
2.485453340594456790e+02 3.339413568746596450e-01 8.507879274269827263e+00
2.485243692854481310e+02 3.131221875089569839e-01 8.536382240820888256e+00
2.485504359540256303e+02 3.316713004098713058e-01 8.719636561667000407e+00
2.485304113044225858e+02 3.402711456332941364e-01 8.655302244260369093e+00
2.485200389807675663e+02 3.141597638224082334e-01 8.681748402075152526e+00
2.485155424345782365e+02 3.407962395024219937e-01 8.663636103069736194e+00
2.485030605635013785e+02 3.069758376565679958e-01 8.758680386368196125e+00
2.485006942016108269e+02 3.313009831178881370e-01 8.660790507036601582e+00
2.484857244403680170e+02 3.372570151050474085e-01 8.565579982229355238e+00
2.484555544727564609e+02 3.090074235432371252e-01 8.604338330132707213e+00
2.484327358193126827e+02 3.351176588609590667e-01 8.636391986012784017e+00
2.484151910344234579e+02 3.062191521683051976e-01 8.707875834790334224e+00
2.483913772249132990e+02 3.287832841296683961e-01 8.753163461262861489e+00
2.483845338072171671e+02 3.280277451345696149e-01 8.772902634068044492e+00
2.483800533119321301e+02 3.074344349221817541e-01 8.750019777007079114e+00
2.483822236234916545e+02 3.264799793631230629e-01 8.752323081773624835e+00
2.483832233655306823e+02 3.349640287769783953e-01 8.658225801828656643e+00
2.483482220757258858e+02 3.134947977872681868e-01 8.491776777780962959e+00
2.483129559460001587e+02 3.085465332912952774e-01 8.555279887643669312e+00
2.483304915589440895e+02 3.299779300065923127e-01 8.597763191836968133e+00
2.483343483619478889e+02 3.376456762876551276e-01 8.657142365788644156e+00
2.483057456504915592e+02 3.133388747169594812e-01 8.527460231018372028e+00
2.482838052108114368e+02 3.376731921235919809e-01 8.495483390180286420e+00
2.482753635816446547e+02 3.116191349709077629e-01 8.650428501820057292e+00
2.482725260110636611e+02 3.381959930063916930e-01 8.516957207142652919e+00
2.479347404626099944e+02 2.632027286537304001e-01 8.547021697383129890e+00
2.479455507466536801e+02 2.783100690762131402e-01 8.398029178251023907e+00
2.479583788586660660e+02 3.245768007108257858e-01 8.408844048267361870e+00
2.479794697469116329e+02 3.333577918541660856e-01 8.430836080139872735e+00
2.479802860500444126e+02 3.360933245435523964e-01 8.454042248273093918e+00
2.480215632434291706e+02 3.251179454842500482e-01 8.475858866691506677e+00
2.480480804838201152e+02 3.341167703287569180e-01 8.492191808306342793e+00
2.480554673392759923e+02 3.386970105190748037e-01 8.573865688325833290e+00
2.480543518014273729e+02 3.432611998050961732e-01 8.557582045917051516e+00
2.480751044741895726e+02 3.466433546389979803e-01 8.462738398922295957e+00
2.480741689357677160e+02 3.463292155120525351e-01 8.514985238900512954e+00
2.480634801799994307e+02 3.451781363753618770e-01 8.361014646450170673e+00
2.480736277909942942e+02 3.298242999226116967e-01 8.433218492934736688e+00
2.480662569864427098e+02 3.455656510648055235e-01 8.454200464329732156e+00
2.480660402992347144e+02 3.177150391240792238e-01 8.558808793602567633e+00
2.480556473387027552e+02 3.403215913325116637e-01 8.651057926567112588e+00
2.480337825675714498e+02 3.253667345008455225e-01 8.516220012038179021e+00
2.480292917538479287e+02 3.370426208833730009e-01 8.658725672848175847e+00
2.480101464645017018e+02 3.406082146235203112e-01 8.574443520880507208e+00
2.480214440081400937e+02 3.092757029436212224e-01 8.529844936799564792e+00
2.479989589842070643e+02 3.128825704376737571e-01 8.674718105993292738e+00
2.479800441399868021e+02 3.411401874516323263e-01 8.596410329903408254e+00
2.479550299521339127e+02 3.440029808822264723e-01 8.549820287196537194e+00
2.479447103671644470e+02 3.147467683223938995e-01 8.610602768780990957e+00
2.479227057238671250e+02 3.437759752357476550e-01 8.474797214021611680e+00
2.479171211556651144e+02 3.225773166327495778e-01 8.498740577259308537e+00
2.478998629940668934e+02 3.417833701166556604e-01 8.506271890853851048e+00
2.479174639571211571e+02 3.480145604631832423e-01 8.666315457594084393e+00
2.479094419444523965e+02 3.291088881882541783e-01 8.521653243142537804e+00
2.478947473415689728e+02 3.572587348447934796e-01 8.389410989136976582e+00
2.478912046776921159e+02 3.240241910057611308e-01 8.452187222333686023e+00
2.478811957923700788e+02 3.486084439221531217e-01 8.562751583593682270e+00
2.478484186993034939e+02 3.305053168620482040e-01 8.515500014331164991e+00
2.478293571039582730e+02 3.553108429590988715e-01 8.453811803147123882e+00
2.478008564303935373e+02 3.305339791911490743e-01 8.422787698128349376e+00
2.477819817134340212e+02 3.557132620596749617e-01 8.386501189486658348e+00
2.477791303849350868e+02 3.493880592736965940e-01 8.393350339648600666e+00
2.477475903579924932e+02 3.213413970019203814e-01 8.317208289145575861e+00
2.477455438676946926e+02 3.482839863567313565e-01 8.315840522800883150e+00
2.477376296253833630e+02 3.178675227148958227e-01 8.478472871105505959e+00
2.477057720198343418e+02 3.385261830376336545e-01 8.496113961420505234e+00
2.476788707042334181e+02 3.160572100088853142e-01 8.365857433575051516e+00
2.476481527128894413e+02 3.417604402533749863e-01 8.388890481240505181e+00
2.476069018888474886e+02 3.149531370919200768e-01 8.414302502221330471e+00
2.475708011120983656e+02 3.380274585112786334e-01 8.324470176846570979e+00
2.475610765570810372e+02 3.174020464902977956e-01 8.392145375333200263e+00
2.475629545128837208e+02 3.424987818510132342e-01 8.362442030439392937e+00
2.475385926796411411e+02 3.214273839892229367e-01 8.257370517928286802e+00
2.475152753016710108e+02 3.421238785863739418e-01 8.285505460173693493e+00
2.474927214881481348e+02 3.104554444094126953e-01 8.259743758777839062e+00
2.474591624867436792e+02 3.065057754593138450e-01 8.357720771589900011e+00
2.474396824213935702e+02 3.331170282897188417e-01 8.292284674252629273e+00
2.474301974834475004e+02 3.034698615609504602e-01 8.449902261457765462e+00
2.474099251913210367e+02 3.385170110923213516e-01 8.291701109232135991e+00
2.473635472498495176e+02 3.183054831035569965e-01 8.555941414199317308e+00
2.473479755796955999e+02 3.439445097308607147e-01 8.517400899997133124e+00
2.473065837369944688e+02 3.198647138066439410e-01 8.492792570724297718e+00
2.473062867952649810e+02 3.299744905271002060e-01 8.465382212158559128e+00
2.472326945455587861e+02 3.145564504571641273e-01 8.450603915274154332e+00
2.472065052022127247e+02 3.352930723150563397e-01 8.583857376250394466e+00
2.467018120324457584e+02 2.864020178279687023e-01 8.466608959844077020e+00
2.467349754937086175e+02 2.931605950299521202e-01 8.446085585714694588e+00
2.467551285505460044e+02 3.484593998108286295e-01 8.392499641720887027e+00
2.467950001433116540e+02 3.582848462266043921e-01 8.477547651122129935e+00
2.467997810198056641e+02 3.701671013786580478e-01 8.307480294648742714e+00
2.467816228610736857e+02 3.785009601880248709e-01 8.300984264381323641e+00
2.467782636361030768e+02 3.717607268766660034e-01 8.466529851815758789e+00
2.467742474705494544e+02 3.649929777293702826e-01 8.513231104359540780e+00
2.467705523230817732e+02 3.552179770128120473e-01 8.520442546361318037e+00
2.467749491243658326e+02 3.595402562412221559e-01 8.463114448680100210e+00
2.467800372610278430e+02 3.628146407177046950e-01 8.423811516523832310e+00
2.467730574106451797e+02 3.626965519218091627e-01 8.411124423170626585e+00
2.467661050760984836e+02 3.601582160566367818e-01 8.408424431769326191e+00
2.467536759437071794e+02 3.563025595459887174e-01 8.364346355584855175e+00
2.467369795637593484e+02 3.520421909484364731e-01 8.414917022557252935e+00
2.467365851701109136e+02 3.330849264811258648e-01 8.295306830233025508e+00
2.467312505374186742e+02 3.524526355011608492e-01 8.392004356674023668e+00
2.467099360830061130e+02 3.317205996159248160e-01 8.404457565421767029e+00
2.466988150993149702e+02 3.613884032216457820e-01 8.236789819140703628e+00
2.466976548482329576e+02 3.377454211929261096e-01 8.442796296827079772e+00
2.467095898420705566e+02 3.602923557568287749e-01 8.413341740949869418e+00
2.467014153458110002e+02 3.405061767319212396e-01 8.301028977614720361e+00
2.467172908366533761e+02 3.650032961678466026e-01 8.360077961535154145e+00
2.467018338158158599e+02 3.432944481068531672e-01 8.415938547966407057e+00
2.466765089283155135e+02 3.725552466393419193e-01 8.180647195391097526e+00
2.466638229814554677e+02 3.473002952219897410e-01 8.200353119894522536e+00
2.466781575854853941e+02 3.227206282782538738e-01 8.306965519218092453e+00
2.466602378973315410e+02 3.549428186534437923e-01 8.223685402275789258e+00
2.466448255897274180e+02 3.309318123190690408e-01 8.279206626730488239e+00
2.466378480323311067e+02 3.344687437301155364e-01 8.173192696838544435e+00
2.466361420505030253e+02 3.404006993608300613e-01 8.259031786522973206e+00
2.466501682478718180e+02 3.711141047321505071e-01 8.250738054974346980e+00
2.466300415603772080e+02 3.501607956662558530e-01 8.289942388718507971e+00
2.466075645618963108e+02 3.491427097365931709e-01 8.315326893863394631e+00
2.465978044655908832e+02 3.744423743873427357e-01 8.301730631431109231e+00
2.465659399810828631e+02 3.513657599816560895e-01 8.130934105305396287e+00
2.465587847172461125e+02 3.716460775602625222e-01 8.128082776806444087e+00
2.465221095474218203e+02 3.514930207228639247e-01 8.035644472469833488e+00
2.465128080483819986e+02 3.419507581186047029e-01 8.082542921837829297e+00
2.465064174954856924e+02 3.671678752615437635e-01 7.982174324285591815e+00
2.464849448250164698e+02 3.402952219897388830e-01 8.133237410071942008e+00
2.465087918828284046e+02 3.588156725615523346e-01 7.907765771446587877e+00
2.464959889936656339e+02 3.357596950328183838e-01 7.915730459457135382e+00
2.464864960302674319e+02 3.468107426409470229e-01 8.015534982372667372e+00
2.464737481727765100e+02 3.629327295136002829e-01 8.021151652383272435e+00
2.464809057295995842e+02 3.519745478517584125e-01 7.974198171343403807e+00
2.464485081257703030e+02 3.509335320588151119e-01 7.890731176015362891e+00
2.464309438504973002e+02 3.838791596205107792e-01 7.733725816159821242e+00
2.464110728309782417e+02 3.526395138868984591e-01 7.747638510705379566e+00
2.463930786207687333e+02 3.413075754535813688e-01 7.796583450371176838e+00
2.463872292126458206e+02 3.678706755710969278e-01 7.731643784573934752e+00
2.463830777608988569e+02 3.453053971165697122e-01 7.791130728883029377e+00
2.463779609619077746e+02 3.601135028232393953e-01 7.815299951274040424e+00
2.463900449998566842e+02 3.555481670440540087e-01 7.684979219811402196e+00
2.463750626271890951e+02 3.513153142824386177e-01 7.749171372065694285e+00
2.463661176875232854e+02 3.845659090257674273e-01 7.622893175499441121e+00
2.463929937802745940e+02 3.552409068760927768e-01 7.815093582504514025e+00
2.463869529077933009e+02 3.595872624609475765e-01 7.649323282409928204e+00
2.463874195305110391e+02 3.729014875748803415e-01 7.672078878729685414e+00
2.463935234601163700e+02 3.773430020923499995e-01 7.687233225371893575e+00
2.461766917939751806e+02 2.720719997707013449e-01 7.387210868755195392e+00
2.462094505431511493e+02 2.643033620912035309e-01 7.295712688813092761e+00
2.462232141935853633e+02 2.949972770787354093e-01 7.453252314483075125e+00
2.462320662673048730e+02 3.234211356014789485e-01 7.653307346154948121e+00
2.462445596033133768e+02 3.294172948493794828e-01 7.674621800567513752e+00
2.462400080254521413e+02 3.336295107340422339e-01 7.546821061079423743e+00
2.462553630083980636e+02 3.448708762074005896e-01 7.573109002837570713e+00
2.462678586373928624e+02 3.452251425950872976e-01 7.637876694660207910e+00
2.462768666341826815e+02 3.372719195161799077e-01 7.709850096018802112e+00
2.462603353492504823e+02 3.468382584768838206e-01 7.568052967984178814e+00
2.462598950958754926e+02 3.205250938691278084e-01 7.709380033821548572e+00
2.462482341139040898e+02 3.185462466680042404e-01 7.768040356559374082e+00
2.462488314368425506e+02 3.463131646077560188e-01 7.811899452549513789e+00
2.462359414141993170e+02 3.316013643268652111e-01 7.768540227578893287e+00
2.462137911662701697e+02 3.280288916277336875e-01 7.750072515692624897e+00
2.461922359482931597e+02 3.596010203789160031e-01 7.693730402132477053e+00
2.461729897675485006e+02 3.277869815701223710e-01 7.761434262948207596e+00
2.461562624322852457e+02 3.287293989509587622e-01 7.764964315400269435e+00
2.461608747742841672e+02 3.207727363925592656e-01 7.824392788557998024e+00
2.461412284674252646e+02 3.677892745564504406e-01 7.787362205852847552e+00
2.461150930092579188e+02 3.478471724612341998e-01 7.755501160824328721e+00
2.460900994582819692e+02 3.475169824299922383e-01 7.873819255352690227e+00
2.460886009917165893e+02 3.738805927369658333e-01 7.817841726618705245e+00
2.461018338158158656e+02 3.403697440454011569e-01 8.010047866089598401e+00
2.460889082518845612e+02 3.454315113646134749e-01 7.908103986929978291e+00
2.460937980452291640e+02 3.697142365788643747e-01 7.842644959729427434e+00
2.460661687064690852e+02 3.453650147610994869e-01 7.876198228668061851e+00
2.460463252027859653e+02 3.431947032015821852e-01 7.838052108114305305e+00
2.460405892974863207e+02 3.656132305311129427e-01 7.614247470549456942e+00
2.460267476855169377e+02 3.492745564504571854e-01 7.793082060248215370e+00
2.459940634583966244e+02 3.450325317435294914e-01 7.731561237066124193e+00
2.459741844134254336e+02 3.476912493909254942e-01 7.653412823526039688e+00
2.459767502651265545e+02 3.471844994124222428e-01 7.724620367451058733e+00
2.459708951245378330e+02 3.555745363868267894e-01 7.656095617529880215e+00
2.459797196824214041e+02 3.347198257330390447e-01 7.778859812548367891e+00
2.460317257588351652e+02 3.718065866032273514e-01 7.675997592364355526e+00
2.460282679354524475e+02 3.515893261486428556e-01 7.779525925076671733e+00
2.460229757230072494e+02 3.575293072315056109e-01 7.741922095789504077e+00
2.459961179741465855e+02 3.559540256241222056e-01 7.678224082088910940e+00
2.459630989710223901e+02 3.581610249648886635e-01 7.643121900885666342e+00
2.459482025853420737e+02 3.561947891885694495e-01 7.670676717590071192e+00
2.459500977385422402e+02 3.815208231820917950e-01 7.499977643383301640e+00
2.459506652526584389e+02 3.513416836252113984e-01 7.655414600590443541e+00
2.459480810570667018e+02 3.464690876780647244e-01 7.687926853736134269e+00
2.459366080999741939e+02 3.751039009429906201e-01 7.694226833672503929e+00
2.459447355900140337e+02 3.500415603771962481e-01 7.726561380377769517e+00
2.459306967812204334e+02 3.470732895755109237e-01 7.746775201352861906e+00
2.459237226633036073e+02 3.765737051792828471e-01 7.742181203244575372e+00
2.459276631603084127e+02 3.485236034280145834e-01 7.716761156811602795e+00
2.459202705723866984e+02 3.481039869299779044e-01 7.775306830233025046e+00
2.459182447189658660e+02 3.829069334174095007e-01 7.668748316088165318e+00
2.459000773882885653e+02 3.652704290750666272e-01 7.569500988850354162e+00
2.458909501562096978e+02 3.510951875949439582e-01 7.578119177964401487e+00
2.458722680501017521e+02 3.691260855857146916e-01 7.620724010433088225e+00
2.458383123620625383e+02 3.387577746567685955e-01 7.643046232336839552e+00
2.458118283699733411e+02 3.589234429189716025e-01 7.609961879102296045e+00
2.457925787497491967e+02 3.253518300897130788e-01 7.658210897417523810e+00
2.458058345037117647e+02 3.539052423399925429e-01 7.626193929318696441e+00
2.457805795522944265e+02 3.261302989480925341e-01 7.560775029378887346e+00
2.457648542520565229e+02 3.511433403078333959e-01 7.547382842729800423e+00
2.452842821519676590e+02 2.872928430164234936e-01 7.392694545558772035e+00
2.453475777465676799e+02 2.901854452692825825e-01 7.358294018171916306e+00
2.453615741351142105e+02 3.256831666141190573e-01 7.328919716816188590e+00
2.453757402046490199e+02 3.573905815586574386e-01 7.573060850124680776e+00
2.454073123334001991e+02 3.764624953423715281e-01 7.474382183496230958e+00
2.453967324944825066e+02 3.826420934965175102e-01 7.476714150591877051e+00
2.453988007681504087e+02 3.825618389750350956e-01 7.457701854452692736e+00
2.454433775688612513e+02 3.888251311301556545e-01 7.505890108630227431e+00
2.454389899395224859e+02 3.851265441829803127e-01 7.567776663131645876e+00
2.454310034681418244e+02 3.862707443606867574e-01 7.429274556450456757e+00
2.454180756112241681e+02 3.593671357734529725e-01 7.498713061423371684e+00
2.454127100232164764e+02 3.520433374416004901e-01 7.706365903293301400e+00
2.454000435667402371e+02 3.832497348734558162e-01 7.626589469460288484e+00
2.453999644587119064e+02 3.638785863739287252e-01 7.619511020665539647e+00
2.453794250336782454e+02 3.627882713749319143e-01 7.543565020493565143e+00
2.453462340565794477e+02 3.558210324170942296e-01 7.609830032388432031e+00
2.453467293416263146e+02 3.873323970305826980e-01 7.590732895755109233e+00
2.453592135056894676e+02 3.600974519189429346e-01 7.768289145575969279e+00
2.453531703402218511e+02 3.671185760554902533e-01 7.681375791796841490e+00
2.453347679784459388e+02 3.931084295909885729e-01 7.595596319756943160e+00
2.453256808736277890e+02 3.664398521023818356e-01 7.695976382240821145e+00
2.453204253489638518e+02 3.903178652297285556e-01 7.731012066840551533e+00
2.453101355728166482e+02 3.652761615408868234e-01 7.690910028948952259e+00
2.452904800940124517e+02 3.640562928143540877e-01 7.775596893003525523e+00
2.452890607354753740e+02 3.863808077044340594e-01 7.842749290607354595e+00
2.452658614463011304e+02 3.658012554100146252e-01 7.828282839863566878e+00
2.452622855341224977e+02 3.674866003611453324e-01 7.771608243285849760e+00
2.452389738886181760e+02 3.620166814755367279e-01 7.898700449998567130e+00
2.452425245779471936e+02 3.825859153314798422e-01 7.886123419989107930e+00
2.452330362005216671e+02 3.549130098311789050e-01 8.037968414113331406e+00
2.452592083464702455e+02 3.936392559259365154e-01 7.808954111611109639e+00
2.452436045745077138e+02 3.641640631717733556e-01 7.950700793946515965e+00
2.452310321304709362e+02 3.605721000888532091e-01 7.997801026111381439e+00
2.452124681131588773e+02 3.860093439192868736e-01 7.943128206598068175e+00
2.452147886153228740e+02 3.693622631775058118e-01 8.004718965863165892e+00
2.452050067356473448e+02 3.948132649259079030e-01 7.894681991458625703e+00
2.452062885150047293e+02 3.601501906044884960e-01 8.214584539539682595e+00
2.452126446731061264e+02 3.940898277394020988e-01 8.091634612628622492e+00
2.452101969102009207e+02 3.669878758347903114e-01 8.013871420791653932e+00
2.451898134082375407e+02 3.638648284559603541e-01 8.040038980767576504e+00
2.452229699905414293e+02 3.978526183037633390e-01 7.996684341769611848e+00
2.452048680099744900e+02 3.725197053512568357e-01 8.096110521941012550e+00
2.451909186276476760e+02 3.971142767061251466e-01 8.053174352947920056e+00
2.451778291151939015e+02 3.725506606666857956e-01 8.068029464874316048e+00
2.451624294190145861e+02 3.918805354123076068e-01 8.023081200378342714e+00
2.451452847602396048e+02 3.662300438533635516e-01 8.087440740634583847e+00
2.451479423313938355e+02 4.015580842099228942e-01 8.010198056694086688e+00
2.451296924532087473e+02 3.745329473473014148e-01 8.101337384275845821e+00
2.451397334403393700e+02 4.067620166814755467e-01 8.077917968414112693e+00
2.451225429218378338e+02 3.837564848519590677e-01 8.080199489810542701e+00
2.450911186907048034e+02 3.790317865229728689e-01 8.083794892372953456e+00
2.450699349365129365e+02 3.957075295938548010e-01 8.120245349537103863e+00
2.450610656653959722e+02 3.885717561409040011e-01 8.204995270715699007e+00
2.450345082977442814e+02 3.622677634784602363e-01 8.165078964716672161e+00
2.450061222734959472e+02 3.835489695892688178e-01 7.996516953767662805e+00
2.450152701424517829e+02 3.581197512109833836e-01 7.939540829487803819e+00
2.450171033850210733e+02 3.873782567571441016e-01 8.015606064948837428e+00
2.449763742153687360e+02 3.698793315944853832e-01 8.009771561237066351e+00
2.449503155722433974e+02 3.901630886525839226e-01 8.024619794204477685e+00
2.449395557338989420e+02 3.595081544326291789e-01 8.020638023445785691e+00
2.445016205680873611e+02 2.999168792456075039e-01 7.690003152856201396e+00
2.445584247183926152e+02 3.002298718793889321e-01 7.625453294734730214e+00
2.446113949955573332e+02 3.371148499527071296e-01 7.761669294046834366e+00
2.446021141333944797e+02 3.697337269626529976e-01 7.803937057525294207e+00
2.446122376680329182e+02 3.710762704577373894e-01 7.843754765112213256e+00
2.446492384419157986e+02 3.643486485711828760e-01 7.715747656854595959e+00
2.446506394565622315e+02 3.791659262231649175e-01 7.730037547651122054e+00
2.446356880392100663e+02 3.777912809194874932e-01 7.742509100289489687e+00
2.446297664020178217e+02 3.831706268451374187e-01 7.581777637650835899e+00
2.446349462581329419e+02 3.769577803892344425e-01 7.643463555848548197e+00
2.446194754793774564e+02 3.709375447848892171e-01 7.606555647911949158e+00
2.446055467339276106e+02 3.462753303333429011e-01 7.596473387027430135e+00
2.445979305798389305e+02 3.694998423571899671e-01 7.573292441743816106e+00
2.445805474504858239e+02 3.459279429046404064e-01 7.576220585284760389e+00
2.445530751812892447e+02 3.475169824299922383e-01 7.538207457938032263e+00
2.445484800366877778e+02 3.524262661583880130e-01 7.574158044082662578e+00
2.445203554128808605e+02 3.574398807647109488e-01 7.538848347616727175e+00
2.445131210410157792e+02 3.742268336725041999e-01 7.608862392157986321e+00
2.444895468485769072e+02 3.584602596807016650e-01 7.573295881223308434e+00
2.444626031127289423e+02 3.516535297658287540e-01 7.472583335721861175e+00
2.444614485941127668e+02 3.543753045372466937e-01 7.542456361603943726e+00
2.444101487574880309e+02 3.582515979248473981e-01 7.451738943506549084e+00
2.443909725128263801e+02 3.604161770185445035e-01 7.479169938949238983e+00
2.443936312304738010e+02 3.916374788615322733e-01 7.450386081572988317e+00
2.443713617472555768e+02 3.698231534294476597e-01 7.440161655536129182e+00
2.443328246725328938e+02 3.625543867694688838e-01 7.491287225199919853e+00
2.443268858379431947e+02 3.610765570810284264e-01 7.377044913869701404e+00
2.443033999254779474e+02 3.701980566940869521e-01 7.382627189085384956e+00
2.442924291323913053e+02 3.709834045114506207e-01 7.372961105219410172e+00
2.442831276333514836e+02 3.943133939063888094e-01 7.415410014617787482e+00
2.442706709851242408e+02 3.637318352489323225e-01 7.475152626902461961e+00
2.442649087104818193e+02 3.643234257215741123e-01 7.447647109404110566e+00
2.442611252830405135e+02 3.828541947318638838e-01 7.422987187938892006e+00
2.442512895181862405e+02 3.729748631373785428e-01 7.483205594886640277e+00
2.442617822236234986e+02 3.988844621513944477e-01 7.534919315543580964e+00
2.442724491960216824e+02 3.799982802602539511e-01 7.578357648542520586e+00
2.442532179196881543e+02 3.757562555533262572e-01 7.382875978101980152e+00
2.442136673450084459e+02 3.748608443922152866e-01 7.359033506262719015e+00
2.441966809022901259e+02 3.619960445985840880e-01 7.458145547307173828e+00
2.441595379632549054e+02 3.836693513714924397e-01 7.469988821691650571e+00
2.440988689844936914e+02 3.561259995987273719e-01 7.443681389549714922e+00
2.440199306371635828e+02 3.503625784631259066e-01 7.475047149531371282e+00
2.439729358823697964e+02 3.756530711685631685e-01 7.333801484708647678e+00
2.439135246066095419e+02 3.465218263636102858e-01 7.443805210811430761e+00
2.438229780159935842e+02 3.460265413167473714e-01 7.336682622029866430e+00
2.437676012496775400e+02 3.766757430708819188e-01 7.222652411934993744e+00
2.436872882570437753e+02 3.440270572386712189e-01 7.262684513743586479e+00
2.436087271059646184e+02 3.397300008598698740e-01 7.172477285104187139e+00
2.435671965375906325e+02 3.381466938003382383e-01 7.252048496660838950e+00
2.435003789159907228e+02 3.380721717446759644e-01 7.368515004729284001e+00
2.434757717332110474e+02 3.649345065780045250e-01 7.294882627762332206e+00
2.434473834159763896e+02 3.426214566195648903e-01 7.206831952764481741e+00
2.434211229900541582e+02 3.475731605950299619e-01 7.276207400613373899e+00
