1.595627885649789164e+02 5.061531135918734270e-01 9.104918611008235629e+00
1.595930374054282765e+02 5.223674232403928697e-01 9.039077297497486896e+00
1.596006243055923051e+02 5.319824347918099550e-01 9.006398250533480976e+00
1.596464807858490644e+02 5.448071530606846125e-01 9.015166746027546196e+00
1.599056910569105696e+02 5.164559194398885555e-01 9.418969013985151406e+00
1.599121774862000223e+02 5.314357265047704448e-01 9.173063153625028221e+00
1.601093945646614713e+02 5.346842318748566969e-01 9.139029680969260383e+00
1.601313228576971142e+02 5.497275276440399816e-01 9.340151314745250843e+00
1.601653880747050493e+02 5.611837116201964237e-01 9.421490926406010047e+00
1.603655397421653106e+02 6.241715605876232420e-01 9.296957832918893772e+00
1.604811808899000027e+02 6.266758372572879265e-01 9.398324603636492469e+00
1.605965010669629578e+02 6.540147787595013140e-01 9.394166093504752624e+00
1.606333139340070204e+02 6.626704054459199300e-01 9.411064670299630563e+00
1.607410119394035632e+02 6.438636403717615808e-01 9.671752817311253025e+00
1.607153095956122115e+02 6.688111740119569992e-01 9.661284235402007425e+00
1.606146835264448214e+02 6.778018799710773257e-01 9.475928963194187205e+00
1.606140239493501269e+02 6.648572385940778595e-01 9.647027494136112935e+00
1.605368992822249368e+02 6.932261079660687608e-01 9.544041761458830209e+00
1.605883533499109319e+02 7.130592737597657438e-01 9.511810662575172159e+00
1.606046875826675944e+02 6.933989383277781027e-01 9.414002786448689264e+00
1.604873251856162710e+02 6.801368534292717705e-01 9.617145477311606072e+00
1.604196180096291187e+02 6.779852917835035298e-01 9.574516339523482245e+00
1.602234026418355199e+02 6.845916441810838693e-01 9.318889653104774240e+00
1.599116060878613155e+02 6.999241662698623134e-01 9.486947780540711861e+00
1.598373913196832632e+02 6.993386593301941234e-01 9.430340546355571618e+00
1.598279350298925863e+02 6.659294922667231553e-01 9.483244272789798757e+00
1.597910480926935008e+02 6.742853111828298607e-01 9.510361003826957926e+00
1.600363472832125353e+02 6.671005061460593133e-01 9.601855281025695632e+00
1.600263337036841165e+02 6.695765656138122912e-01 9.414507168932860992e+00
1.600976632629666767e+02 6.742429853799623007e-01 9.350196638625822843e+00
1.602406997866074221e+02 6.636968061654585638e-01 9.524847009858385505e+00
1.603036170925700503e+02 6.499127030315856590e-01 9.553970689381515058e+00
1.602252473414104941e+02 6.792515387192917808e-01 9.505627568206268307e+00
1.601455302188596761e+02 6.856533164030121918e-01 9.591820538595841938e+00
1.600329823818845512e+02 6.772128458811702556e-01 9.559141491631836018e+00
1.601035006966121728e+02 6.777560270179708857e-01 9.585030774385835173e+00
1.601196550447066329e+02 6.885314709980071557e-01 9.601682450663986401e+00
1.601262719785549393e+02 6.917023790628361590e-01 9.489212210994127261e+00
1.601250515845722475e+02 6.625540094880341124e-01 9.413837010387457127e+00
1.600473978449112167e+02 6.917693949173765455e-01 9.305430047792885517e+00
1.599648519478687092e+02 6.912050508791421910e-01 9.360615840431723456e+00
1.599715923319753870e+02 7.087173518156005825e-01 9.476207608063065280e+00
1.600663421688446704e+02 6.869759977426238562e-01 9.507962541664461753e+00
1.600543639666331615e+02 6.959314321993544938e-01 9.373687459217325824e+00
1.600749060896248750e+02 6.893920956563144298e-01 9.224203304939774029e+00
1.600973352379944572e+02 6.853429271819833080e-01 9.284764474542793522e+00
1.601472655767772437e+02 6.862917305962646930e-01 9.322014708216496359e+00
1.601362009064775975e+02 6.958361991429025117e-01 9.240682150856216026e+00
1.600370562404105499e+02 6.200553762587517337e-01 9.532490344426220119e+00
1.598985097790240388e+02 6.654921256370914806e-01 9.517221311041744514e+00
1.597387721990018292e+02 6.529954323404405514e-01 9.371888612595453694e+00
1.594772481173835672e+02 6.680105109077121295e-01 9.303394882105003205e+00
1.594029733876514570e+02 6.766167574907853144e-01 9.350715129710950535e+00
1.593214150926758634e+02 6.469534239810944554e-01 9.424926370738761605e+00
1.592743487998871217e+02 6.745639560517080469e-01 9.340683914431334500e+00
1.592873639842689215e+02 6.840519901945223413e-01 9.176555032361603637e+00
1.593193340740348845e+02 6.848526532987672111e-01 9.091779976368092875e+00
1.593454385129534501e+02 6.397933089959967345e-01 9.462635133943530619e+00
1.592626351339435189e+02 6.761688094104368885e-01 9.269932807787947482e+00
1.594842742006595699e+02 6.857026965063577340e-01 9.172188420365765538e+00
1.595784420577394371e+02 5.567641923707740137e-01 9.213353790804719168e+00
1.594338183164911982e+02 5.634234520219388864e-01 9.190434368551928301e+00
1.594221540306509439e+02 6.160062077844206119e-01 9.278073470539478507e+00
1.594171701673632811e+02 6.351409978308025783e-01 9.339668095162513950e+00
1.595851118988413191e+02 6.588434474366435811e-01 9.329587499779552928e+00
1.595350052025466141e+02 6.687194681057440082e-01 9.355219300566107066e+00
1.595199160538243177e+02 6.677142302876390989e-01 9.376241115990335828e+00
1.595633811262190704e+02 6.549812179249775435e-01 9.349360704019186841e+00
1.596283653422217412e+02 6.438812761229564252e-01 9.456064053048340412e+00
1.597095991393753422e+02 6.568364989506727536e-01 9.385693878630760878e+00
1.598236036893991638e+02 6.573549900358005571e-01 9.474662716258398731e+00
1.598797559212034685e+02 6.574678588434473836e-01 9.533714265559140699e+00
1.599042943054159309e+02 6.792868102216813586e-01 9.483413576001270329e+00
1.597899899476218195e+02 6.791210341604501100e-01 9.584896742676754400e+00
1.596814383718674435e+02 6.888171701673633240e-01 9.602543075322293120e+00
1.597274641553356958e+02 6.833924130998360047e-01 9.544775408708533249e+00
1.597266282207290544e+02 6.658272049097930800e-01 9.577528525827558425e+00
1.598362026700527281e+02 6.824365553850766375e-01 9.230051320035977724e+00
1.599186074810856439e+02 6.659365465672010265e-01 9.248233779517837760e+00
1.598629772675166976e+02 6.712061090242138484e-01 9.267163994850360353e+00
1.597240181295522348e+02 6.635204486535103419e-01 9.406599298097102491e+00
1.595160855686648063e+02 6.480221505035006491e-01 9.165292841648589928e+00
1.592610479163359969e+02 6.833324515457736004e-01 9.117288326896284545e+00
1.591723330335255753e+02 6.610690792374300795e-01 9.128472920304039562e+00
1.591079978131668611e+02 6.638766908276457768e-01 9.181581221452127295e+00
1.591617057298555551e+02 6.812796501066963328e-01 9.066670193816905865e+00
1.591906706876179385e+02 6.828457048127964946e-01 9.044918258293211721e+00
1.592714635909916581e+02 6.748637638220199575e-01 9.157628344179320479e+00
1.592755268680669474e+02 6.827010916529989704e-01 9.109359293159092985e+00
1.592736010440364680e+02 6.600074070155018680e-01 9.281212634252156590e+00
1.593674867290972372e+02 6.975433398585613176e-01 9.048865139410613878e+00
1.593987125901627735e+02 6.723242156499655842e-01 9.107017265400418893e+00
1.592991834647196754e+02 6.790152196532811546e-01 9.139558753505106381e+00
1.592635416115549560e+02 6.742394582297233097e-01 9.123898206444103209e+00
1.593254113538966124e+02 6.751670987425709702e-01 9.148214380191523887e+00
1.593990935223885970e+02 6.406645151050208709e-01 9.493882157910515929e+00
1.595322434439094934e+02 6.754386893109711743e-01 9.103962753293476595e+00
1.596134102252085540e+02 6.789658395499356125e-01 9.043934183376540759e+00
1.596395957885826249e+02 6.902527203146218149e-01 8.984170149727527033e+00
1.596827010916530014e+02 6.716328942031285498e-01 9.131876620284641533e+00
1.597128758619473388e+02 6.817593425391954565e-01 9.136147999224027316e+00
1.597491702379062701e+02 6.932578523182194585e-01 9.046075163571591915e+00
1.598327531171190117e+02 6.949332486817275667e-01 9.067636632982381428e+00
1.597493395411177630e+02 6.832125284376487917e-01 9.105673421159373504e+00
1.596461527608768449e+02 6.469816411830061620e-01 9.057132779570745029e+00
1.596468405551734406e+02 6.434298008923690082e-01 9.147364336983933697e+00
1.595837856903514762e+02 6.550023808264112679e-01 9.148323721848932166e+00
1.593507398197626230e+02 6.849902121580868641e-01 9.163553956580781090e+00
1.592812514329047815e+02 7.113697687953017823e-01 8.965903038639931211e+00
1.591232351021991747e+02 6.892933354496234566e-01 9.227166111140503446e+00
1.590325026894520590e+02 6.919492795795636475e-01 9.192790504911556582e+00
1.590291906953776788e+02 6.837592367246883018e-01 9.010948274341744835e+00
1.590084545791227981e+02 6.954270497151826547e-01 9.154277551452304706e+00
1.590812302700033456e+02 7.031409272877978678e-01 9.161635186850784152e+00
1.590381073311817772e+02 7.207837327830979302e-01 8.851108406962595154e+00
1.590652663880217972e+02 6.921785443450964026e-01 8.896432287533286853e+00
1.590495247165052888e+02 6.823977567324480686e-01 9.078845916441810715e+00
1.590783133167557253e+02 7.098636756432640249e-01 8.960390102816429447e+00
1.590090259774615049e+02 7.044671357776484122e-01 9.079650106696295353e+00
1.590247429589263390e+02 7.112145741847873959e-01 9.042350492919245752e+00
1.590679893480062788e+02 5.598786660317796038e-01 9.195446449041497772e+00
1.589824171560587729e+02 5.714230287639101569e-01 9.064430453415162958e+00
1.589760400684267267e+02 6.478881187944200981e-01 8.871742235860535786e+00
1.589416926793996652e+02 6.614782286651499366e-01 9.031250551117224745e+00
1.588443186427525973e+02 7.015008024266793374e-01 9.018947851083716216e+00
1.588039186639154821e+02 7.025377845969349444e-01 9.095487011269245414e+00
1.586956527873304879e+02 7.350898541523376295e-01 8.972237800469111235e+00
1.587872705147875649e+02 7.113838773962577466e-01 9.015247870483042547e+00
1.588934024654780046e+02 6.804154982981499566e-01 9.041966033543198833e+00
1.589000476165282123e+02 6.806341816129658495e-01 9.015829850272472967e+00
1.589501507856727187e+02 6.740842636192088122e-01 9.090453767878242886e+00
1.589067774191841806e+02 6.760347777013562265e-01 9.147452515739907142e+00
1.588698411018817467e+02 6.951801491984550552e-01 9.088076468617181547e+00
1.587596740913179190e+02 6.927957956369151793e-01 9.103380773504047951e+00
1.587851189531418186e+02 6.987496252402871644e-01 9.037705236054529578e+00
1.589307620408091282e+02 6.767402077491491141e-01 9.178226901574872088e+00
1.589258875191788718e+02 6.922455601996366781e-01 9.169363173024354552e+00
1.588348306086097637e+02 6.945170449535298385e-01 9.064779641288820855e+00
1.586952859637056292e+02 6.926511824771176551e-01 8.845112251556354721e+00
1.586251767984057324e+02 6.607727986173571599e-01 8.934275082447136640e+00
1.585126501243320547e+02 6.617357106325943983e-01 8.971285469904589860e+00
1.584846798229370677e+02 6.748849267234537930e-01 8.913528384741548294e+00
1.584363261203110937e+02 6.738444174029593059e-01 8.967634869407262954e+00
1.585191471350722168e+02 6.584201894079678707e-01 8.997527467682486346e+00
1.584843870694672319e+02 6.819850801544892205e-01 9.024721796024902432e+00
1.585071442428090336e+02 6.971835705341868916e-01 8.978297444579652620e+00
1.584826552386998912e+02 7.052501631306985486e-01 9.063615681709961791e+00
1.584802426679364373e+02 7.062730366999981912e-01 8.971895666895932209e+00
1.584789058779958850e+02 6.953247623582526904e-01 9.012143978272755263e+00
1.584579440241257089e+02 7.109429836163871919e-01 8.902816429465813641e+00
1.583383101423205233e+02 6.840237729926106347e-01 9.097225896337054252e+00
1.583089571980318624e+02 7.123220993598222694e-01 8.929259474807329511e+00
1.584770647055711379e+02 6.886267040544592488e-01 8.928882069731759685e+00
1.583716875650318343e+02 7.008024266793644319e-01 8.895130769095109358e+00
1.585122303934536205e+02 6.959455408003103472e-01 8.865770770505969622e+00
1.586550341251785596e+02 6.811561998483325331e-01 8.936782886267041093e+00
1.586163377599068838e+02 6.700738937975062592e-01 9.105906213075146027e+00
1.586824577182865141e+02 6.860236671781034801e-01 8.827201382642893890e+00
1.586550059079766584e+02 6.842600920586212609e-01 9.035176269333192067e+00
1.587159374283547493e+02 6.961536426644092668e-01 8.892354901857045135e+00
1.587912738303087963e+02 6.980195051408214502e-01 8.931195880288520073e+00
1.589078038199037053e+02 6.700386222951166815e-01 8.995852071318978460e+00
1.589730737350757579e+02 6.599368640107224904e-01 8.880221505035006402e+00
1.590657178632523880e+02 6.768178050544062518e-01 9.232393347794650040e+00
1.588344285134825213e+02 6.933354496234767073e-01 9.040086062465830352e+00
1.584855933548489588e+02 6.852335855245754725e-01 8.979355589651341063e+00
1.583229740930814842e+02 6.967603125055111812e-01 9.229084880870500385e+00
1.583973758002222212e+02 6.911697793767525022e-01 9.046710050614606757e+00
1.583933583761000250e+02 6.973775637973299579e-01 8.986434580180942433e+00
1.582984639260709230e+02 7.028375923672468550e-01 8.929114861647532209e+00
1.583739519954852426e+02 6.787683191365536661e-01 9.157914043348675648e+00
1.584186268804119777e+02 6.916424175087737547e-01 8.991690034036999180e+00
1.583464366964710734e+02 6.553938945029363916e-01 8.949551170132091116e+00
1.583412412041690800e+02 6.656437930973669870e-01 8.900541417561681712e+00
1.583353579175704908e+02 6.477717228365341695e-01 9.224340863799094237e+00
1.583085304128529458e+02 6.794314233814788828e-01 9.104389538472391408e+00
1.583503200888841889e+02 6.607763257675960400e-01 9.152122462656297586e+00
1.585118459340775701e+02 6.611149321905366305e-01 9.349618185986631858e+00
1.583488774844364571e+02 7.007354108248240454e-01 9.147269103927481382e+00
1.583419642699680878e+02 7.014725852247676308e-01 9.235324409643228094e+00
1.584851559882193044e+02 5.590250956739502008e-01 9.411523199830696740e+00
1.584949403029822008e+02 5.796553974216531735e-01 9.279600726592949655e+00
1.584899740754457298e+02 6.277375094792162491e-01 9.121796024901680511e+00
1.585699380985133189e+02 6.560358358464278838e-01 9.089035853482178240e+00
1.586066910040033235e+02 6.822707793238452778e-01 9.145248046840555034e+00
1.585502178015272534e+02 6.960795725093910091e-01 9.070779323845298947e+00
1.585125795813272589e+02 6.825388427420066018e-01 9.099172883268963119e+00
1.584950179002874506e+02 6.919492795795636475e-01 8.958510131739060967e+00
1.584117101387933531e+02 6.766626104438918654e-01 9.056508473978448492e+00
1.584274482831596345e+02 6.744722501454949448e-01 9.167201029927870337e+00
1.582275893691691806e+02 7.014514223233339063e-01 9.002275011904131929e+00
1.582120734352679676e+02 6.872828598134137490e-01 9.102668289155776193e+00
1.581468740631007108e+02 6.851665696700350860e-01 9.128162531083011899e+00
1.581270514787577497e+02 6.766379203922191499e-01 9.096844964111246767e+00
1.583022344496763765e+02 6.787401019346419595e-01 9.016471791615963127e+00
1.583211999365113059e+02 6.737103856938786439e-01 8.974523393823959694e+00
1.583872740419378147e+02 6.649877431529196414e-01 9.075181207343526069e+00
1.583869671798670140e+02 6.731672045570781249e-01 8.924582473590461973e+00
1.582977796589245827e+02 6.627656385023720231e-01 8.992300231028341528e+00
1.582080983369486660e+02 6.498527414775232547e-01 8.918448759324903108e+00
1.581778036435461843e+02 6.550235437278451034e-01 8.886446925206779923e+00
1.581643228753328856e+02 6.766308660917411677e-01 8.870518314727615206e+00
1.581828192511860038e+02 6.867925859301976521e-01 8.827014443680228695e+00
1.579753804913320323e+02 6.913955169920462662e-01 8.958799358058657347e+00
1.580036259104456633e+02 6.917729220676154256e-01 8.822866514999207155e+00
1.578549318378216242e+02 6.790258011039980168e-01 8.908085991922826352e+00
1.578416203728197900e+02 6.824436096855545086e-01 8.803273195421759567e+00
1.578228453520977723e+02 6.637814577711937947e-01 8.815441863746185547e+00
1.578061866215191458e+02 6.529707422887678359e-01 8.829303564185316588e+00
1.577347195033772493e+02 6.532388057069290488e-01 8.734814736433698101e+00
1.577574026065640282e+02 6.666772481173836029e-01 8.835994568188631604e+00
1.577109182935647027e+02 6.666384494647549230e-01 8.869640054318113087e+00
1.578466783062624472e+02 6.935188614359029113e-01 8.700851806782710085e+00
1.578068038728109741e+02 6.908452815547678760e-01 8.752129516956774324e+00
1.577993615858067358e+02 6.953353438089695526e-01 8.840375288785425667e+00
1.576889265118247749e+02 6.882986790822355205e-01 8.758023385006083572e+00
1.577124067509655561e+02 6.825388427420066018e-01 8.831363419924871394e+00
1.574184999030033794e+02 6.839003227342468350e-01 8.897448106802109180e+00
1.573706893815142109e+02 6.727721637303141211e-01 8.782738126730508910e+00
1.573276228770964451e+02 6.737632929474630661e-01 8.882842177662556793e+00
1.572159779905825019e+02 6.745110487981235137e-01 8.854635557201559592e+00
1.573644498527414726e+02 6.656720102992786936e-01 8.927816870359592372e+00
1.574785637444227007e+02 6.606952013120999112e-01 9.070229088408019891e+00
1.575819550993774669e+02 6.603177962365306408e-01 8.856603707034901518e+00
1.574483607569264336e+02 6.585471668165705506e-01 8.930592737597658370e+00
1.575529725058638917e+02 6.238258998642046693e-01 8.856007618644516910e+00
1.575059732289296903e+02 6.484277727809816261e-01 8.722790681269069424e+00
1.574914554785461007e+02 6.507133661358305288e-01 8.775331111228682701e+00
1.572773786219424039e+02 6.613089254536796968e-01 8.854938892122110161e+00
1.572786025430753227e+02 6.574078972893850903e-01 8.982974445796518381e+00
1.573147276158227896e+02 6.740842636192088122e-01 8.954760771035042310e+00
1.573622736010440235e+02 6.902633017653386771e-01 8.878122850642823138e+00
1.574140168950496559e+02 6.641518085462850829e-01 8.810327495899688444e+00
1.574288379803537623e+02 6.605329524011075426e-01 8.797178279808829160e+00
1.573907976650265539e+02 6.539512900551999186e-01 9.084154277551451884e+00
1.573604782815723979e+02 6.501596035483131475e-01 8.921277533816553529e+00
1.573675749078531965e+02 6.627233126995044632e-01 8.751967268045781623e+00
1.574617956721866676e+02 6.648501842935999884e-01 8.898284041408743406e+00
1.574604906265982436e+02 6.715411882969155588e-01 8.834865880112163339e+00
1.575348429536356036e+02 6.693085021956510783e-01 8.912015237289033109e+00
1.576206126659965037e+02 5.495370615311359064e-01 8.915877466800697704e+00
1.574724511930585606e+02 5.768230957797647607e-01 8.891109817822689720e+00
1.573619491032220594e+02 6.167257464331693528e-01 8.715785760894485534e+00
1.572366400366823598e+02 6.382766343932420039e-01 8.908830220623247698e+00
1.571159233197538185e+02 6.429853799622594623e-01 9.016161402394935465e+00
1.568303969807593887e+02 6.896213604218471849e-01 8.843133520272296266e+00
1.567998518596899657e+02 7.015396010793080173e-01 8.730254131174717713e+00
1.567747632400402154e+02 6.844470310212863451e-01 8.813449023861171128e+00
1.568393524152161262e+02 6.607057827628167734e-01 8.924765885402889509e+00
1.569936405481191457e+02 6.517750383577588513e-01 8.947995696876708038e+00
1.570549494735728331e+02 6.669382572350669447e-01 8.862762111352132877e+00
1.570256847080401315e+02 6.814101546655380037e-01 8.734476130010758510e+00
1.570857414951589988e+02 6.568259174999558914e-01 8.848678200447947617e+00
1.571541999541470602e+02 6.851700968202740771e-01 8.639087878948203070e+00
1.571392765814860013e+02 6.591749995591061895e-01 8.773235983986737097e+00
1.570570551822654863e+02 6.662963158915754525e-01 8.795753311112287420e+00
1.570915859831049488e+02 6.799287515651729619e-01 8.582977972946757461e+00
1.570405692820485797e+02 6.878718939033208191e-01 8.595922614323757927e+00
1.571678253355201775e+02 6.813819374636262971e-01 8.658060420083593556e+00
1.572167892351374689e+02 6.979348535350863303e-01 8.544648431299931346e+00
1.572241503976862020e+02 6.756644269262649383e-01 8.671181418972540911e+00
1.572120487452162934e+02 6.802391407862017347e-01 8.687529760330141571e+00
1.572083769818175369e+02 6.730402271484753340e-01 8.636742324039293095e+00
1.571988289861206738e+02 6.650935576600884858e-01 8.679322081724070159e+00
1.572366999982364177e+02 6.482126166164047243e-01 8.873833835952241955e+00
1.572059326667019263e+02 6.731530959561222716e-01 8.685967232774279623e+00
1.572032626139710487e+02 6.842671463590991321e-01 8.775130063665061542e+00
1.572628432358076225e+02 6.659541823183958709e-01 8.640664515105020982e+00
1.570443186427525859e+02 6.847433116413593757e-01 8.565314004550023341e+00
1.569157222721901803e+02 6.756785355272207916e-01 8.676242879565455368e+00
1.569394564661481866e+02 6.598451581045094994e-01 8.623966985873762425e+00
1.567546725922790642e+02 6.613688870077421011e-01 8.615851013173905670e+00
1.568357864663245209e+02 6.667760083240745761e-01 8.704022714847539532e+00
1.568803343738426577e+02 6.602190360298396676e-01 8.771232562651006148e+00
1.568961889141667996e+02 6.615346630689734608e-01 8.810828351233620737e+00
1.569435726504770514e+02 6.513941061319507009e-01 8.818757384970812296e+00
1.570572738655802993e+02 6.583884450558171730e-01 8.729732112939350586e+00
1.570193040932578583e+02 6.865421582632311726e-01 8.822880623600163119e+00
1.569779024037528927e+02 6.631994779817645957e-01 8.998938327778072122e+00
1.568976421000652408e+02 6.868208031321093587e-01 8.819385217713348268e+00
1.569680016930321074e+02 6.841824947533640122e-01 8.772325979225085391e+00
1.570318854381602307e+02 6.784967285681533511e-01 8.989231610320441490e+00
1.571250868560746312e+02 6.655203428390031872e-01 9.151184240692732175e+00
1.572128035553674295e+02 6.736010440364706975e-01 8.812404987390438649e+00
1.572269897536285441e+02 6.540112516092623229e-01 8.985972523499638598e+00
1.572607657443168705e+02 6.660987954781933951e-01 8.849637585312946086e+00
1.571698463926070986e+02 6.739572862106061324e-01 8.802634781228507066e+00
1.571442957162760479e+02 6.730649172001481606e-01 8.806130187115320140e+00
1.571179725940426408e+02 6.655944129940214449e-01 8.900996419942506677e+00
1.572433275135354336e+02 6.790081653528031724e-01 8.960118512248028466e+00
1.572362591044565647e+02 6.615487716699293141e-01 9.115584713330864730e+00
1.572619896654497893e+02 6.730296456977584718e-01 8.883166675484542196e+00
1.573474313528384698e+02 6.617815635857009493e-01 8.883529971959156057e+00
1.572396733858878690e+02 6.803520095938486723e-01 8.821505035006966366e+00
1.571191048092693450e+02 6.777842442198825923e-01 8.983637550041443376e+00
1.568572950284817296e+02 6.865844840660988435e-01 8.954376311658995391e+00
1.567371638184928599e+02 6.746027547043366157e-01 8.999435655961764979e+00
1.566885103080965678e+02 6.684690404387775287e-01 9.082154383365958594e+00
1.567682027405957399e+02 6.740525192670582255e-01 8.896287674373489551e+00
1.566196391725305546e+02 6.703419572156675832e-01 8.818267111087596533e+00
1.569798776078867206e+02 5.453115355448565627e-01 9.155455619632117958e+00
1.569932031814895197e+02 5.815530042502160546e-01 8.937685836728215705e+00
1.571618750330670196e+02 6.544733082905666022e-01 8.747650036153290287e+00
1.571339012045218055e+02 6.678200447948080543e-01 8.925051584572244678e+00
1.571062412923478462e+02 6.652170079184522855e-01 8.924240340017282946e+00
1.570523746538983687e+02 6.723030527485318597e-01 8.963250621660229456e+00
1.570138969719415059e+02 6.612489638996172925e-01 8.988335714159743972e+00
1.571678570798723058e+02 6.890358534821791059e-01 8.949646403188543431e+00
1.569736909863675578e+02 7.012997548630583999e-01 9.004888630231205227e+00
1.569878489674267712e+02 6.669382572350669447e-01 9.066299843041814910e+00
1.568386434580180833e+02 6.852864927781598947e-01 9.000342133573179026e+00
1.567427367158704214e+02 6.709768442586812043e-01 9.098774315291960235e+00
1.568726628220728969e+02 6.525333756591361611e-01 9.051764456907042344e+00
1.568810362767402182e+02 6.690051672751000655e-01 9.005033243391002529e+00
1.569400278644868933e+02 6.554044759536532538e-01 9.087974181260250361e+00
1.570506886760841496e+02 6.697493959755215220e-01 8.965448036259104470e+00
1.570096009029504671e+02 6.730543357494312984e-01 9.005971465354566163e+00
1.570031391637126887e+02 6.700421494453556726e-01 8.966513235631271783e+00
1.570544309824877018e+02 6.744510872440611093e-01 8.823776519760858861e+00
1.569551875562139571e+02 6.821720191171543046e-01 8.687850731001887539e+00
1.568130786730860677e+02 6.977655503236159795e-01 8.524850537008623164e+00
1.566462726839849608e+02 6.827363631553886592e-01 8.643338094986155795e+00
1.565599421547360919e+02 6.720032449782198380e-01 8.792339029680968920e+00
1.565767596070754735e+02 6.648396028428831261e-01 8.733477946493131583e+00
1.565770523605453093e+02 6.633652540429959554e-01 8.833257499603195839e+00
1.565763469304974933e+02 6.717210729591026608e-01 8.726331940108989826e+00
1.566650406504064961e+02 6.592878683667531270e-01 8.668313845828263808e+00
1.567532582050332337e+02 6.694742782568823269e-01 8.563419924871700672e+00
1.566729943741953548e+02 6.756644269262649383e-01 8.787616175510995831e+00
1.567850272472356039e+02 6.774280020457471574e-01 8.824291483695748894e+00
1.566832372184893245e+02 6.882246089272172629e-01 8.990850572280125519e+00
1.565851013173906097e+02 7.151014937481261491e-01 8.869573038463572701e+00
1.566067086397545154e+02 6.998430418143660736e-01 8.794395358270286067e+00
1.565809710244607800e+02 7.014337865721390619e-01 8.827649330723241761e+00
1.566786448688781945e+02 6.887924801156904975e-01 8.757208613300884181e+00
1.566507239475865561e+02 6.840555173447613324e-01 8.715418937269632238e+00
1.566899634939950374e+02 6.920903655891222916e-01 8.510946510766626005e+00
1.567607569264412746e+02 6.629525774650371073e-01 8.727672257199795780e+00
1.568040350598733710e+02 6.649030915471844105e-01 8.787154118829691996e+00
1.567620901892315999e+02 6.586177098213498171e-01 8.617318307673315303e+00
1.567664885455795911e+02 6.726980935752958635e-01 8.716350104932718779e+00
1.568754422164612095e+02 6.710226972117877553e-01 8.732793679346771754e+00
1.567581715253161292e+02 6.741900781263777676e-01 8.708833747773486067e+00
1.568818193040932556e+02 6.878260409502142680e-01 8.654529742694389682e+00
1.568793256088742964e+02 6.867432058268522210e-01 8.653323457312664502e+00
1.569510325732324532e+02 6.851595153695572149e-01 8.637042131809604228e+00
1.570703948644692503e+02 6.930285875526868145e-01 8.769232668465512859e+00
1.571346630689734241e+02 6.858755268680669648e-01 8.831183535262685069e+00
1.568727368922279197e+02 6.922455601996366781e-01 8.965800751283000025e+00
1.567503447789358688e+02 6.900728356524346019e-01 8.784046699469163499e+00
1.566802955751900299e+02 6.918081935700051144e-01 8.750253073029645279e+00
1.566241045447330862e+02 6.878401495511701214e-01 8.770195580480750763e+00
1.566694072624023306e+02 6.782533552016648537e-01 8.676433345678359998e+00
1.566860377757790559e+02 6.950990247429589264e-01 8.771253725552439207e+00
1.566396416415357180e+02 6.779218030792021343e-01 8.854811914713506482e+00
1.567447930444597262e+02 6.890887607357635281e-01 8.823339153131227519e+00
1.568117947903990910e+02 6.237588840096643938e-01 9.006980230322911396e+00
1.568059996825564895e+02 6.488827751618080342e-01 8.828919104809269669e+00
1.567936405481191571e+02 6.718974304710508827e-01 8.847076874239458988e+00
1.566701902897553964e+02 6.877696065463908548e-01 8.885191259721707979e+00
1.568167186921326959e+02 5.569264412817663823e-01 8.755737791651235113e+00
1.566985662134278527e+02 5.719732642011886581e-01 8.746962241856691023e+00
1.565637796941960858e+02 6.304886866656085331e-01 8.649203745833553114e+00
1.565386910745463069e+02 6.495776237588840596e-01 8.811350369468987864e+00
1.565706435285611065e+02 6.459446590127506660e-01 8.790420259950971982e+00
1.565627603477770151e+02 6.561733947057475369e-01 8.773052572174311337e+00
1.566168139251891489e+02 6.577888295151932407e-01 8.795330053083610267e+00
1.566252720314621740e+02 6.679434950531717430e-01 8.696735622453838133e+00
1.566710085886108459e+02 6.719961906777419669e-01 8.613681815776942585e+00
1.567436185034301559e+02 6.473625734088143124e-01 8.770812831772570206e+00
1.567240992540077116e+02 6.597887237006860861e-01 8.687159409555050615e+00
1.566503994497645635e+02 6.558100982311341198e-01 8.779881135036946560e+00
1.566920057139833773e+02 6.672592279068126908e-01 8.730264712625434242e+00
1.567740119570393063e+02 6.813784103133873060e-01 8.638911521436256180e+00
1.568223797682662166e+02 6.726663492231451658e-01 8.695370615311359686e+00
1.567879477276334512e+02 6.849408320547413220e-01 8.708650335961060307e+00
1.566422094069097000e+02 6.554468017565208138e-01 8.949025624746486329e+00
1.564646103380773638e+02 6.759324903444262622e-01 8.767867661323034412e+00
1.564342803731724985e+02 6.911345078743629244e-01 8.629941978378569800e+00
1.564552880799957677e+02 6.674179496675660683e-01 8.737562386469852171e+00
1.564396134243337997e+02 6.803167380914589835e-01 8.821134684231875411e+00
1.564712166904749324e+02 6.829056663668588989e-01 8.850604024478423426e+00
1.564575948362520421e+02 6.884432922420330447e-01 8.717380032802497070e+00
1.564503994497645749e+02 6.972435320882492960e-01 8.603692926300196220e+00
1.565693525915736473e+02 7.042343438618767770e-01 8.508382272542899472e+00
1.566725852247676585e+02 6.870782850995538205e-01 8.611166957656561038e+00
1.566499056487311066e+02 6.977161702202705484e-01 8.515055640795019087e+00
1.566390314445443721e+02 6.732624376135301070e-01 8.723855880641236737e+00
1.568043913020475202e+02 6.612665996508121369e-01 8.572410630830820111e+00
1.568294834488474976e+02 6.493130874909617267e-01 8.708283512336208787e+00
1.568603460134384306e+02 6.660000352715024219e-01 8.745865298132374122e+00
1.568634887043013464e+02 6.801086362273600638e-01 8.507384089025272544e+00
1.568654392183835000e+02 6.904502407280037612e-01 8.399340422905313019e+00
1.567185122480292137e+02 6.838262525792285773e-01 8.539040262419977267e+00
1.567763575119482198e+02 6.834841190060491067e-01 8.478225137999753969e+00
1.569336966298079403e+02 6.559688199918876084e-01 8.649736345519636771e+00
1.569933795390014666e+02 6.783133167557272580e-01 8.544990564873110372e+00
1.569518438177874202e+02 6.745498474507521935e-01 8.551184240692732530e+00
1.568988519125972232e+02 6.729908470451299030e-01 8.591809957145125409e+00
1.569822161084951517e+02 6.863340563991323640e-01 8.549833342151208271e+00
1.570296492249087237e+02 6.822072906195439934e-01 8.527845087561503945e+00
1.570665396892580645e+02 6.858614182671111115e-01 8.501356189266882524e+00
1.571491702379062758e+02 6.659577094686348619e-01 8.561367123432622961e+00
1.569731090065781416e+02 6.874839073770346864e-01 8.593626439518191162e+00
1.569365112956986366e+02 6.823342680281466732e-01 8.845337989171648374e+00
1.568187926564731924e+02 6.874380544239281354e-01 8.700569634763592575e+00
1.566317337706999524e+02 6.912579581327266132e-01 8.459658219141843460e+00
1.568053118882598937e+02 6.808175934253919426e-01 8.394130822002363601e+00
1.567855598469216716e+02 7.076239352415215622e-01 8.385570428372396634e+00
1.566812161614024035e+02 6.921503271431846960e-01 8.536610055905331507e+00
1.566683949702837708e+02 6.777383912667760413e-01 8.706227183746891640e+00
1.565825264977161737e+02 6.829832636721161476e-01 8.612701268010511058e+00
1.566021727245471880e+02 6.963088372749237642e-01 8.737569440770329265e+00
1.564924854064158808e+02 7.180008112445549484e-01 8.617445285081917206e+00
1.565128864433980596e+02 6.915295487011269282e-01 8.553900146376735236e+00
1.566033084669241475e+02 6.696753258205033754e-01 8.654833077614940251e+00
1.565577870659400617e+02 6.710403329629825997e-01 8.653263495758601209e+00
1.565716276034777650e+02 6.674285311182829306e-01 8.845623688341005320e+00
1.566316032661411271e+02 6.784790928169585067e-01 8.712360898012450505e+00
1.567093910375112387e+02 6.940690968731813015e-01 8.722847115672891505e+00
1.565356153995379316e+02 5.522952930180060616e-01 8.487709644992328606e+00
1.564933142867220397e+02 5.697405780999241776e-01 8.454988272225454793e+00
1.565637938027970222e+02 6.133008835511348789e-01 8.503631201171014453e+00
1.565734476130010648e+02 6.320653228224256681e-01 8.595245401477875191e+00
1.565812602507803888e+02 6.384000846516056926e-01 8.598596194204892740e+00
1.565827416538807597e+02 6.426679364407527073e-01 8.504163800857098110e+00
1.565235913443733011e+02 6.397368745921732103e-01 8.575687353402818403e+00
1.565331851930232858e+02 6.423399114685289790e-01 8.468095162513447960e+00
1.563643405110840661e+02 6.617886178861788204e-01 8.605706929086643697e+00
1.562732095303599351e+02 6.691109817822690209e-01 8.669633000017634927e+00
1.561490044618450383e+02 6.679399679029328629e-01 8.673802091600091302e+00
1.559481367828862801e+02 6.609773733312170885e-01 8.747844029416432576e+00
1.556705923848826387e+02 6.624764121827769747e-01 8.721686683244273652e+00
1.557069185051937268e+02 6.867537872775690833e-01 8.573235983986737807e+00
1.555932807787947638e+02 6.836957480203869064e-01 8.536084510519724944e+00
1.555797894291307273e+02 6.967708939562280435e-01 8.526663492231451258e+00
1.555738144366259235e+02 6.801685977814224682e-01 8.788497963070737384e+00
1.553540906124896424e+02 7.107137188508544368e-01 8.540119570393100545e+00
1.552962594571715726e+02 7.023014655309243182e-01 8.474951942577993336e+00
1.552136641800257451e+02 7.021039451175422608e-01 8.478648396028429346e+00
1.552219424016365963e+02 6.816887995344161899e-01 8.529083117295380490e+00
1.551867837680545961e+02 6.852512212757702059e-01 8.232354549142021582e+00
1.550346013438442299e+02 6.720173535791756914e-01 8.220803132109411493e+00
1.550464102428443027e+02 6.807929033737192270e-01 8.253411636068637591e+00
1.550576371620549310e+02 7.044389185757367056e-01 8.349752217695712631e+00
1.551883357141597344e+02 6.848385446978113578e-01 8.093046223303881348e+00
1.552309225261450081e+02 6.848561804490062022e-01 8.096732095303599053e+00
1.553608027793943904e+02 6.607269456642506089e-01 8.320328730402271944e+00
1.553464190607198816e+02 6.709803714089201954e-01 8.404962700386223062e+00
1.553846710050614490e+02 6.789446766485018880e-01 8.339869142726135109e+00
1.551837927446519529e+02 6.752517503483060901e-01 8.322829479921697526e+00
1.551109570922173475e+02 6.866268098689664034e-01 8.297419889600197607e+00
1.550328836216778541e+02 6.665537978590198032e-01 8.450071424792339414e+00
1.548148351939050826e+02 6.855404475953653654e-01 8.289406204257270261e+00
1.545760541770276575e+02 6.830890781792849920e-01 8.476041832001834919e+00
1.544440082535315639e+02 6.952365836022785794e-01 8.266067051126043452e+00
1.544113750595206511e+02 7.035112780628890450e-01 8.463150097878418876e+00
1.544289508491614242e+02 6.965557377916512527e-01 8.355910622012943989e+00
1.544966650794490590e+02 6.992222633723083058e-01 8.311902368481385750e+00
1.545150203692926425e+02 6.995397068938151719e-01 8.344373313581291640e+00
1.545696700350951573e+02 6.906265982399519832e-01 8.206990811773627215e+00
1.544707264165917024e+02 6.943971218454050298e-01 8.355452092481879589e+00
1.543813484295363594e+02 6.943512688922984788e-01 8.431169426661728750e+00
1.542301218630407504e+02 6.811103468952259821e-01 8.301698322840060484e+00
1.540083946175687402e+02 6.943054159391919278e-01 8.394338923866461855e+00
1.540141720896601498e+02 6.737632929474630661e-01 8.429539883251326415e+00
1.539652752058973988e+02 6.641518085462850829e-01 8.405484718621590190e+00
1.540847715288432767e+02 6.596758548930391486e-01 8.380953388709592389e+00
1.540774280020457354e+02 6.529107807347054315e-01 8.486200024690051080e+00
1.541198278750683244e+02 6.404317231892492357e-01 8.594723383242509840e+00
1.541466941784385369e+02 6.744017071407156783e-01 8.371151438195509442e+00
1.542782004479480804e+02 6.892545367969948877e-01 8.240872616969120656e+00
1.543346313246212844e+02 6.736292612383824041e-01 8.447217960249016500e+00
1.542997795531100564e+02 6.944006489956440209e-01 8.577944729555754932e+00
1.543489903532440906e+02 6.865280496622753192e-01 8.501059908646809049e+00
1.545039239546408396e+02 6.894485300601379540e-01 8.317228365342222318e+00
1.545486164753187666e+02 6.758936916917975823e-01 8.494248981535369225e+00
1.544609033031761953e+02 6.878507310018869836e-01 8.459823995203075597e+00
1.543159339012045166e+02 6.882669347300848228e-01 8.538077350404741139e+00
1.541580727651094378e+02 6.830044265735498721e-01 8.390621307514592786e+00
1.537530677389203504e+02 5.760753399291043131e-01 8.320427490608961918e+00
1.537344972929121809e+02 5.692361956157522274e-01 8.417780364354619849e+00
1.536266264571539466e+02 6.217695712748884107e-01 8.349614658836392422e+00
1.536382942701444279e+02 6.298361638714000676e-01 8.485385252984851689e+00
1.536183270726416481e+02 6.316420647937498467e-01 8.542807258875191323e+00
1.536402342027758721e+02 6.618591608909581980e-01 8.421699028270108300e+00
1.536048463044283494e+02 6.665044177556742611e-01 8.529809710244608212e+00
1.535095815036241333e+02 6.720773151332380957e-01 8.543720790787084240e+00
1.533565102375535787e+02 6.758231486870183158e-01 8.639863852000775779e+00
1.532822496164224049e+02 6.808987178808881824e-01 8.602620672627550036e+00
1.533309348711708253e+02 6.572773927305433084e-01 8.754933601396752252e+00
1.533320635592473025e+02 6.699010634357970284e-01 8.585842018940796905e+00
1.532720526250815567e+02 6.675872528790364191e-01 8.593950937340176566e+00
1.533370333139340005e+02 6.827293088549106770e-01 8.456127541752641363e+00
1.532228065534451389e+02 7.099377457982822825e-01 8.560612313281485086e+00
1.531042943054159480e+02 6.936282030933107468e-01 8.533075851365888198e+00
1.530287709644992447e+02 6.737809286986579105e-01 8.615223180431369698e+00
1.528994762181895055e+02 6.853958344355677301e-01 8.491550711602560142e+00
1.529377246353808459e+02 6.801297991287938993e-01 8.430171243144101823e+00
1.531193164382836756e+02 6.710509144136994619e-01 8.190727122021762341e+00
1.529022556125778181e+02 6.876214662363543395e-01 8.286316420647937164e+00
1.528875932490344383e+02 6.622259845158104952e-01 8.197414598874839697e+00
1.524887254642611367e+02 6.744087614411935494e-01 8.414355501472584820e+00
1.523594906795054840e+02 6.828421776625575035e-01 8.326504770470698702e+00
1.522457683015007888e+02 6.746450805072041756e-01 8.290030509849566798e+00
1.522763804384247806e+02 6.903514805213127881e-01 8.295102551893197784e+00
1.523887272278362559e+02 6.654110011815953518e-01 8.270871029751512893e+00
1.524533410930638695e+02 6.468828809763151888e-01 8.337812814136817963e+00
1.524809480979842249e+02 6.700844752482232325e-01 8.274765003615328851e+00
1.524564802567765298e+02 6.599474454614394636e-01 8.213664180025748607e+00
1.525281590039327853e+02 6.816288379803537856e-01 8.143618503430154476e+00
1.525434950531717959e+02 6.787330476341639773e-01 8.278419131262896968e+00
1.524914519513958737e+02 6.824083381831649309e-01 8.290654815441863335e+00
1.523217325361973735e+02 6.819321729009046873e-01 8.227462391760576921e+00
1.522551434668359605e+02 6.885526338994409912e-01 8.069904590586036264e+00
1.522489004109129951e+02 6.698128846798229175e-01 8.360802779394388651e+00
1.524055235172742186e+02 6.610161719838456573e-01 8.257316191383171855e+00
1.525430929580445536e+02 6.472567589016454681e-01 8.295688058832865863e+00
1.525518402906371875e+02 6.544697811403277221e-01 8.157342645009963533e+00
1.526047545985221348e+02 6.436661199583796344e-01 8.271985609227025193e+00
1.527014972752764379e+02 6.393100894132585088e-01 8.122871805724564354e+00
1.528020774914907634e+02 6.410172301289173147e-01 8.123012891734123997e+00
1.528361638714000890e+02 6.486605646967532612e-01 8.158940444068214504e+00
1.529487751970795273e+02 6.525827557624817032e-01 8.091342609738461533e+00
1.529661852106590345e+02 6.404387774897272179e-01 8.085896689769500156e+00
1.529591273830308751e+02 6.339452938997937048e-01 8.412986967179866937e+00
1.528046099853623332e+02 6.531612084016719111e-01 8.338521771334850285e+00
1.526336666490309142e+02 6.812126342521559463e-01 8.157039310089412965e+00
1.523669400208101763e+02 6.930391690034036767e-01 8.223991675925436340e+00
1.523740084298890736e+02 6.887818986649736352e-01 8.313196832619086152e+00
1.523523023473184708e+02 6.733999964728497600e-01 8.374833783044989488e+00
1.522331657936969691e+02 6.696788529707422555e-01 8.590286228241891919e+00
1.523217995520519139e+02 6.671534133996437355e-01 8.346179214503642640e+00
1.523367405604641647e+02 6.707828509955381380e-01 8.298887184099607239e+00
1.523146253284658656e+02 6.682679928751564802e-01 8.249609368111034513e+00
1.524256000564344049e+02 6.622612560182000729e-01 8.294890922878860096e+00
1.523934077562033735e+02 6.745639560517080469e-01 8.524596582191417582e+00
1.524437648801650766e+02 6.652170079184522855e-01 8.521178773609861423e+00
1.524279773556954751e+02 6.882387175281731162e-01 8.401403805795107260e+00
1.523524046346754233e+02 6.910181119164771069e-01 8.441165370438953985e+00
1.524963793802797056e+02 5.533499109394565130e-01 8.161162548718762011e+00
1.524594360086767892e+02 5.491843465072394626e-01 8.302805848015095691e+00
1.524327107913161683e+02 6.299137611766573164e-01 8.145583126113256967e+00
1.525198666737209692e+02 6.396240057845263838e-01 8.377874186550975821e+00
1.525078955258099143e+02 6.471227271925648061e-01 8.328991411389168320e+00
1.525923848826340645e+02 6.633652540429959554e-01 8.465971818069590427e+00
1.525735710632594362e+02 6.665714336102146476e-01 8.446579546055763998e+00
1.524896389961730279e+02 6.685466377440346664e-01 8.436826975645027815e+00
1.523633176375147684e+02 6.432252261785090797e-01 8.486245877643158408e+00
1.523076309895419911e+02 6.406468793538260265e-01 8.386893109712008965e+00
1.521789358587729168e+02 6.411865333403876654e-01 8.548983298943618081e+00
1.520063312346789530e+02 6.404564132409219512e-01 8.511948221434492368e+00
1.519076944782462988e+02 6.479727704001552180e-01 8.467509655573779881e+00
1.518914343156446876e+02 6.465724917552863049e-01 8.440791492513623595e+00
1.518551293582350183e+02 6.375817857961659785e-01 8.506114314939244636e+00
1.518468828809763238e+02 6.355395658078055732e-01 8.550503500696612136e+00
1.518204609985362197e+02 6.448794596405833524e-01 8.564968343826604880e+00
1.517819833165793568e+02 6.591291466059996385e-01 8.644621977673139668e+00
1.516846445514346726e+02 6.638484736257340701e-01 8.626711108759677060e+00
1.518251309454526279e+02 6.904220235260920546e-01 8.592148563568065001e+00
1.517336507768548302e+02 6.931344020598557698e-01 8.407213022238682498e+00
1.516355148757561437e+02 6.861365359857503066e-01 8.459132673756238674e+00
1.516050473519919706e+02 6.925594765709045530e-01 8.461852106590480815e+00
1.516398003632964731e+02 6.888348059185580574e-01 8.510780734705395645e+00
1.516353773168968075e+02 6.651923178667795700e-01 8.341244731319330086e+00
1.516251309454526108e+02 7.003862229511665927e-01 8.212443786043065685e+00
1.516224750013226696e+02 7.097155353332275096e-01 8.296725041003121248e+00
1.516034918787365768e+02 7.043577941202405768e-01 8.535604818087225709e+00
1.517213339682203639e+02 6.590233320988307941e-01 8.372805671657584270e+00
1.516860201400278640e+02 6.630195933195774938e-01 8.464599756626633109e+00
1.516777031197643737e+02 6.847538930920762379e-01 8.372340087826041000e+00
1.516645433222228121e+02 6.802109235842900281e-01 8.534853535086327270e+00
1.517158598310494995e+02 6.862211875914854264e-01 8.457048127965011375e+00
1.517464825494242007e+02 6.894379486094209808e-01 8.419491032220516757e+00
1.517479533710738338e+02 6.804401883498227832e-01 8.441951924942243224e+00
1.516425409590321465e+02 6.661129040791492484e-01 8.370431899546760590e+00
1.515284905560552318e+02 7.114685290019928665e-01 8.397037193799269161e+00
1.513767772428266483e+02 6.809198807823219068e-01 8.353261732183481669e+00
1.513603901028164387e+02 6.834171031515087202e-01 8.546912861753346746e+00
1.512292647655326903e+02 6.899388039433539399e-01 8.326525933372131760e+00
1.512065252279420804e+02 6.992504805742200125e-01 8.405883286598593074e+00
1.513241345255101180e+02 6.681833412694213603e-01 8.332388057069291420e+00
1.514111528490556111e+02 6.844752482231980517e-01 8.311680158016331532e+00
1.514044477364513455e+02 6.585330582156146972e-01 8.433497345819445101e+00
1.513957286210606128e+02 6.637214962171313903e-01 8.406719221205227299e+00
1.513525704107366323e+02 6.840519901945223413e-01 8.366206373560482135e+00
1.513512230393453706e+02 6.929368816464737124e-01 8.453669118036081898e+00
1.513205474137170938e+02 7.081847521295169257e-01 8.329397033666648298e+00
1.513024742958926367e+02 7.009505669894009472e-01 8.486104791633598765e+00
1.514305698111211029e+02 6.707616880941044135e-01 8.397523940532247266e+00
1.514425233232809660e+02 6.280796430523958307e-01 8.458695307126607332e+00
1.514228629878489585e+02 6.433028234837663284e-01 8.289773027882121781e+00
1.514487064176498734e+02 6.615417173694513320e-01 8.310061196056645727e+00
1.513022979383806899e+02 6.517538754563250158e-01 8.568128670440717798e+00
1.513639384159568237e+02 6.699363349381867172e-01 8.438759853975980718e+00
1.514377828333597904e+02 6.729449940920233519e-01 8.214701162196003992e+00
1.514604130292929938e+02 6.722395640442304643e-01 8.222795971994427688e+00
1.514133608451051884e+02 6.549142020704371570e-01 8.558704125002204677e+00
1.512509073593989797e+02 6.527520589739519430e-01 8.361250727474736522e+00
1.513064282313105195e+02 6.545262155441511354e-01 8.575944835370263419e+00
1.507624534857062315e+02 5.661252491049856284e-01 8.211078778900587238e+00
1.507325361973793179e+02 5.897324656543745380e-01 8.277928857379679428e+00
1.506961889141668109e+02 6.111316861541716827e-01 8.413293829250656941e+00
1.506411477346877632e+02 6.302276775479251913e-01 8.382403047457806622e+00
1.505715711690739340e+02 6.412888206973176297e-01 8.340585154224644526e+00
1.506505299543234173e+02 6.508191806429994841e-01 8.411279826464207687e+00
1.506110399802479662e+02 6.478316843905965738e-01 8.450854452145389217e+00
1.507377069996296370e+02 6.450663986032485475e-01 8.349237253760824373e+00
1.506838721055323447e+02 6.595629860853923221e-01 8.420425727033842733e+00
1.507133026471262554e+02 6.565472726310777052e-01 8.588335714159745393e+00
1.506715905684002621e+02 6.451298873075498319e-01 8.567384441740296452e+00
1.508488016507063207e+02 5.858843447436643537e-01 8.641355836551857905e+00
1.507594589351533330e+02 6.250639295980812138e-01 8.505662839708657330e+00
1.507447295557554412e+02 6.401495511701320584e-01 8.432760171419500850e+00
1.506296068991058803e+02 6.755268680669452852e-01 8.315880993950937494e+00
1.506127330123626678e+02 6.853429271819833080e-01 8.268934624270320555e+00
1.506354443327513479e+02 7.065446272683985063e-01 8.090767684249509983e+00
1.505847380209160065e+02 7.026894520572103398e-01 8.417223074616863698e+00
1.506877166992927926e+02 6.816641094827433633e-01 8.284006137241416212e+00
1.507855598469216716e+02 6.807999576741970982e-01 8.332567941731477745e+00
1.507425180325556084e+02 6.953565067104032771e-01 8.291882263725023350e+00
1.507883251327090193e+02 7.006366506181330722e-01 8.105853305821561605e+00
1.508453873692749880e+02 6.962947286739679109e-01 8.032072377122903006e+00
1.507333439147840579e+02 6.889723647778777105e-01 7.953057157469622496e+00
1.506192758760559514e+02 6.676542687335766946e-01 8.219275876055940344e+00
1.505641500449711714e+02 6.733858878718939067e-01 8.244847715288432966e+00
1.505122691921062312e+02 6.775867238065005349e-01 8.204712272719255850e+00
1.505207096626280929e+02 6.753505105549970633e-01 8.169098636756432441e+00
1.506008994233109490e+02 6.708780840519902311e-01 8.162404105602877991e+00
1.506518984886161263e+02 6.714530095409414479e-01 8.194342451016700224e+00
1.507881029222439793e+02 6.734493765761953021e-01 8.086588011216337080e+00
1.508193182018588061e+02 6.678976421000653030e-01 8.175772005008553833e+00
1.508156429113097943e+02 6.577500308625645609e-01 8.162721549124384524e+00
1.508036893991499596e+02 6.602119817293617965e-01 8.137629402324391137e+00
1.506008182988554438e+02 6.661622841824947905e-01 8.113203886919563956e+00
1.502770153254678007e+02 6.655944129940214449e-01 8.022866514999206444e+00
1.499708586847256697e+02 6.750154312822954639e-01 8.220041267657796524e+00
1.498492883974392953e+02 6.743593813378481183e-01 8.086616228418249008e+00
1.497358340828527616e+02 6.771493571768689712e-01 8.107768548401319109e+00
1.496817981411918197e+02 6.927146711814189395e-01 7.846240939632823874e+00
1.495288891240322471e+02 6.772586988342768066e-01 8.021434492002187611e+00
1.495461509973017371e+02 6.991834647196797370e-01 7.896869654162919083e+00
1.495381514205597568e+02 6.827504717563445125e-01 7.877269280284993513e+00
1.495307973123115062e+02 6.843306350634005275e-01 8.009396328236601192e+00
1.495968573091370786e+02 6.606458212087543691e-01 7.927263107772075656e+00
1.496643916547625395e+02 6.710685501648943063e-01 7.928144895331816322e+00
1.496566001798846628e+02 6.606669841101882046e-01 7.962703913373189835e+00
1.496271766925912345e+02 6.781475406944958984e-01 8.029024919316437803e+00
1.496115549441828421e+02 6.955716628749801789e-01 7.837620584448794503e+00
1.494725534804154847e+02 6.919810239317143452e-01 7.920141791439606394e+00
1.493477029434068868e+02 7.009152954870112584e-01 7.870077420947745317e+00
1.492915542387528092e+02 6.550447066292788278e-01 7.853993615858067656e+00
1.494100488510308082e+02 6.535774121298696393e-01 7.915422464419871851e+00
1.496867079343244598e+02 6.361709257005802032e-01 7.874606281854575229e+00
1.499159339012045109e+02 6.575560375994214946e-01 7.893028587552686659e+00
1.498764791986314719e+02 6.590832936528931985e-01 7.969091582455954281e+00
1.498313775285258203e+02 6.480997478087578978e-01 8.100686030721478303e+00
1.497250268945205676e+02 6.533128758619473064e-01 7.920452180660634944e+00
1.496724758831102520e+02 6.655273971394811694e-01 8.095984339452938272e+00
1.495390190995185549e+02 6.794032061795671762e-01 7.928617533463837574e+00
1.496485406415886246e+02 5.665626157346171921e-01 8.147999224026946763e+00
1.496068179814119219e+02 5.734017600479692778e-01 8.012493166146411383e+00
1.495460416556443306e+02 6.320970671745762548e-01 7.948831631483343152e+00
1.494991305574660885e+02 6.619085409943036291e-01 7.961730419907236289e+00
1.495054935364971982e+02 6.610972964393417861e-01 8.034058162707440331e+00
1.494373877925330305e+02 6.658201506093152089e-01 8.061354778406785826e+00
1.495823748302559011e+02 6.784332398638519557e-01 8.184981394282489831e+00
1.494052378181048653e+02 6.686665608521594750e-01 8.118434650723948209e+00
1.494036682362485351e+02 6.516127894467664827e-01 8.199996472849761631e+00
1.493447401372061449e+02 6.462162495811508700e-01 8.137731689681322322e+00
1.492370668218612764e+02 6.480221505035006491e-01 8.178311553180607874e+00
1.491732642011886583e+02 6.618450522900023447e-01 8.183619914290249042e+00
1.489714195016136671e+02 6.758513658889300224e-01 8.342101828827399146e+00
1.491174435215068002e+02 6.784261855633740845e-01 8.301049327196091454e+00
1.489877537343703295e+02 6.894520572103768341e-01 8.257323245683650725e+00
1.489328007336472410e+02 6.888453873692750307e-01 8.241779094580532927e+00
1.488730190642470461e+02 6.877625522459128726e-01 8.235331463943706964e+00
1.488128352997195805e+02 6.818298855439747230e-01 8.087469798776078633e+00
1.487099659630002009e+02 6.911944694284253288e-01 8.229860853923073094e+00
1.488269051020228346e+02 7.012151032573232801e-01 7.928247182688746619e+00
1.486573761529372462e+02 6.949544115831614022e-01 8.123785337636457271e+00
1.487657302082782280e+02 6.960584096079572847e-01 7.977588487381620297e+00
1.487950902068673713e+02 6.926723453785513795e-01 8.005777472091423874e+00
1.487404511225155659e+02 6.879353826076222145e-01 8.108001340317091632e+00
1.487525280849337719e+02 6.930497504541205389e-01 8.102975151226566197e+00
1.488245630742641481e+02 6.857273865580304495e-01 8.099680792903374282e+00
1.488003809322258064e+02 6.555279262120170536e-01 8.238036788176993142e+00
1.487184734493765745e+02 6.693402465478016650e-01 8.293469481332557791e+00
1.486405516462973821e+02 6.734211593742835955e-01 8.079985185968995509e+00
1.486205844487946024e+02 6.845493183782163094e-01 8.011145794755128335e+00
1.484714812267428670e+02 6.938645221593213730e-01 8.046008147717051529e+00
1.483266846551328797e+02 6.790998712590162745e-01 8.062719785549266049e+00
1.481201065199372238e+02 6.734881752288238710e-01 8.119834929368815679e+00
1.480058797594483622e+02 6.240093116766308734e-01 8.219656808281749605e+00
1.479509549759272033e+02 6.426185563374071652e-01 8.026718163060156286e+00
1.480296527520589791e+02 6.522441493395411127e-01 8.037846322064087445e+00
1.480904643493289541e+02 6.588293388356877278e-01 8.051305927375976168e+00
1.481040826764015890e+02 6.636262631606792972e-01 8.026252579228613016e+00
1.482187468035201050e+02 6.810080595382960178e-01 7.962153677935911666e+00
1.482170184999029914e+02 6.821473290654815891e-01 7.935199195809745198e+00
1.481792885737968106e+02 6.620884256564908421e-01 7.990473167204557470e+00
1.480407315309595617e+02 6.420930109518014905e-01 7.982406574608045702e+00
1.480576759607075417e+02 6.633581997425180843e-01 7.927714583002662962e+00
1.481101105761599968e+02 6.759360174946651423e-01 7.904015660547060840e+00
1.481577341586864804e+02 6.621907130134208064e-01 7.933403876338112504e+00
1.482848032731954220e+02 6.681057439641641116e-01 8.084443503871048264e+00
1.483433751300636629e+02 6.916847433116413146e-01 7.978128141368181936e+00
1.483942472179602419e+02 7.126818686841965844e-01 8.073121351603971263e+00
1.483110981782268993e+02 7.000899423310935621e-01 7.908622118759148556e+00
1.482956316244290349e+02 7.075322293353085712e-01 8.186550976138828872e+00
1.483586159462462319e+02 7.021074722677812519e-01 7.962044336278503387e+00
1.482787365747844035e+02 6.782216108495141560e-01 8.001488457400842691e+00
1.481021709609720745e+02 6.879389097578610945e-01 7.959547113909317240e+00
1.479591626545332588e+02 7.000017635751194511e-01 7.936490132797206165e+00
1.479720438072059778e+02 6.821826005678711669e-01 8.013667707175986976e+00
1.479223215702872949e+02 6.931696735622453476e-01 8.083688693719908613e+00
1.477855316297197703e+02 6.953177080577747082e-01 7.989743047105091200e+00
1.477227871541188335e+02 6.967144595524046302e-01 7.906449394211946036e+00
1.477451633952348118e+02 6.898753152390526555e-01 8.009480979842336978e+00
1.477349311323915799e+02 6.730613900499091695e-01 7.965941837292559669e+00
1.477438865668483174e+02 5.647073347089219819e-01 8.111408567447931262e+00
1.476581168544874174e+02 5.751194822143449459e-01 8.013452551011409852e+00
1.476236036893991468e+02 6.445584889688376062e-01 8.031433962929650505e+00
1.476663562774456295e+02 6.614323757120434966e-01 8.011918240657461610e+00
1.476742606211311681e+02 6.622577288679610819e-01 8.069245013491348928e+00
1.475826252579228708e+02 6.885491067492020001e-01 8.067774191841701636e+00
1.475856303899264503e+02 6.931449835105726320e-01 8.043182900375642319e+00
1.476129411142267713e+02 6.624834664832548459e-01 8.207491667107561284e+00
1.475592261432375665e+02 6.759571803960989778e-01 8.229497557448459233e+00
1.476900305098495778e+02 6.847997460451827889e-01 8.075773768583673018e+00
1.477013032820132992e+02 6.915083857996930927e-01 8.075406944958819722e+00
1.477016842142390942e+02 7.006437049186110544e-01 8.022824189196338551e+00
1.477742588575560490e+02 6.921609085939015582e-01 8.083607569264412263e+00
1.475188543816023810e+02 7.003721143502107394e-01 8.350108459869847621e+00
1.474265453326984527e+02 7.135495476429818407e-01 8.290616016789234877e+00
1.472906583425921099e+02 7.228506428231310510e-01 8.287476853076556793e+00
1.472309366347459445e+02 7.304410701373824644e-01 8.072708675026012415e+00
1.470644516163166031e+02 7.198384565190554252e-01 8.159367229247129316e+00
1.471039098460398975e+02 7.005273089607252368e-01 8.017586371091477204e+00
1.471489938803943289e+02 6.723841772040279885e-01 8.085191259721707269e+00
1.472402941643299243e+02 6.736222069379045330e-01 7.992353138281925062e+00
1.472875897218842169e+02 6.752870218506957789e-01 7.995414704689346230e+00
1.474251379997531046e+02 6.824541911362714819e-01 7.861069079237430479e+00
1.473203075675008336e+02 6.866902985732676878e-01 8.025233232809551254e+00
1.472422129340599213e+02 6.921362185422288427e-01 7.999724882281360472e+00
1.471826922737774055e+02 6.866232827187274124e-01 8.173881452480468823e+00
1.472078831807840800e+02 6.981253196479904055e-01 8.057196268275047757e+00
1.471957603654127524e+02 6.894273671587041186e-01 8.026644092905137029e+00
1.473058744687230046e+02 6.915330758513659193e-01 8.086111845934077280e+00
1.474078690721831322e+02 6.800204574713859529e-01 8.075879583090841862e+00
1.474108459869848105e+02 6.870430135971641317e-01 8.001865862476412516e+00
1.474904890393806340e+02 6.823236865774298110e-01 8.016605823325043900e+00
1.474323898206444028e+02 6.579193340740349116e-01 7.918953141809075724e+00
1.475619420489215656e+02 6.719538648748742959e-01 8.067537872775691454e+00
1.474739713948115707e+02 6.669453115355448158e-01 8.133238100276880544e+00
1.473798317549336048e+02 6.904714036294375967e-01 7.938366576724335211e+00
1.473308749096167674e+02 6.566954129411142205e-01 8.065873057862900097e+00
1.471278239246600776e+02 6.585718568682432661e-01 8.233938239599316589e+00
1.470679646579546045e+02 6.706523464366964671e-01 8.137237888647867123e+00
1.472058339064952577e+02 6.698657919334074506e-01 8.037807523411458988e+00
1.471191224450205368e+02 6.744017071407156783e-01 8.073745657196267800e+00
1.471849743399820056e+02 6.782568823519037338e-01 8.178202211523199594e+00
1.472942630901363259e+02 6.764509814295539547e-01 8.016626986226478735e+00
1.473016559970371873e+02 6.794455319824348472e-01 8.074969578329188380e+00
1.472155335696523935e+02 6.872863869636527401e-01 8.026986226478316055e+00
1.472701938169056177e+02 6.745710103521859180e-01 7.992480115690527853e+00
1.471690316209019045e+02 6.858473096661552582e-01 8.052438142602683868e+00
1.470449182582932224e+02 7.008341710315151296e-01 8.155621395693350095e+00
1.470719432834241616e+02 6.925136236177980020e-01 8.158887536814630081e+00
1.472696894344214513e+02 6.701338553515686636e-01 7.968964605047352379e+00
1.472215614694108012e+02 6.808387563268257781e-01 8.068493730490450488e+00
1.471937357811756044e+02 7.013526621166428221e-01 8.148334303299648695e+00
1.472057809992416537e+02 7.032749589968784187e-01 8.047697652681515379e+00
1.473087808405199155e+02 6.960513553074793025e-01 7.957014620037740293e+00
1.473250974375253577e+02 6.785602172724547465e-01 7.921055323351498423e+00
1.471626368975186381e+02 6.799111158139781175e-01 7.855305715746962569e+00
1.469789499673738646e+02 6.679752394053224407e-01 7.847302611854751753e+00
1.468064017776837318e+02 6.742923654833077318e-01 8.118854381602384152e+00
1.466911733065269914e+02 6.831948926864539473e-01 8.038301324444914187e+00
1.466488157593072685e+02 6.829268292682927344e-01 8.107532229335308926e+00
1.467532617321834891e+02 5.737050949685201795e-01 7.875452797911926872e+00
1.466651676278150944e+02 5.603901028164294251e-01 8.144715447154471377e+00
1.466798758443115958e+02 6.297479851154259567e-01 8.087349875667953825e+00
1.467208895472902555e+02 6.619226495952594824e-01 8.057735922261608508e+00
1.468329188931802491e+02 6.888383330687970485e-01 8.000264536267922111e+00
1.467373860289579000e+02 6.833959402500749958e-01 8.082076786060701679e+00
1.466812937587076533e+02 6.839673385887872215e-01 8.059291395516991585e+00
1.466448371338377115e+02 6.826622930003704015e-01 7.956439694548789632e+00
1.465730102463714388e+02 6.803625910445655345e-01 8.004408937798705992e+00
1.465902756467911843e+02 6.707687423945822847e-01 8.023825899864204914e+00
1.466033225755251124e+02 6.608539230728532887e-01 8.045761247200324817e+00
1.466237624111599018e+02 6.579687141773803427e-01 8.013593637020969496e+00
1.466247641218277806e+02 6.592067439112568872e-01 8.189101105761599442e+00
1.466473555191083449e+02 6.751882616440046947e-01 8.053221169955733671e+00
1.466420683209001368e+02 6.861259545350334443e-01 8.196349399502672384e+00
1.464674602754704438e+02 7.113344972929122045e-01 7.957173341798493560e+00
1.464115196726804697e+02 7.104597640336489661e-01 7.849905648731107632e+00
1.462428160767507848e+02 7.121316332469181942e-01 7.924508403435444492e+00
1.460438742218224775e+02 6.902703560658166593e-01 7.996155406239529029e+00
1.458582050332433937e+02 6.974692697035430600e-01 8.060451827945611214e+00
1.459740401742412246e+02 6.983087314604166096e-01 8.035655961765691302e+00
1.460944888277516043e+02 6.998959490679504958e-01 7.824587764315820593e+00
1.460824118653333983e+02 6.861330088355113155e-01 7.808475742024231891e+00
1.461081847521295174e+02 7.018111916477082213e-01 7.662628079643052814e+00
1.462106096679188170e+02 6.668641870800486871e-01 7.797245295663368658e+00
1.461729714477188224e+02 6.760136147999223910e-01 7.754531506269509933e+00
1.460585118953141830e+02 6.783803326102675335e-01 7.850903832248734560e+00
1.459708763204768616e+02 6.848702890499620555e-01 7.835186850783909307e+00
1.459750736292612316e+02 6.940197167698357594e-01 7.853443380420788600e+00
1.459194222527908664e+02 6.711214574184787285e-01 7.812242738479445947e+00
1.458055411530254162e+02 6.584201894079678707e-01 7.881343138810997573e+00
1.456172442375182925e+02 6.675660899776025836e-01 7.810913002839355634e+00
1.457306421177009952e+02 6.567589016454156159e-01 7.753688517362396837e+00
1.455650106696294870e+02 6.642152972505863673e-01 7.865876585013138467e+00
1.456253743188190981e+02 6.614041585101317899e-01 7.859749925048057584e+00
1.456002469005167370e+02 6.866021198172935769e-01 8.034262737421300926e+00
1.453826534751247834e+02 7.187767842971271026e-01 7.928360051496393446e+00
1.451853129464049630e+02 7.026859249069714597e-01 8.034206303017477069e+00
1.451172142567412777e+02 6.939879724176851727e-01 8.033465601467295158e+00
1.451557342645010067e+02 6.863023120469816662e-01 7.876306368269756497e+00
1.452212969331428667e+02 6.727439465284024145e-01 7.900234555490890820e+00
1.453389132850113867e+02 6.740701550182529589e-01 7.995171331322858066e+00
1.454913038110858281e+02 6.588187573849708656e-01 8.149702837592366578e+00
1.455902615381902194e+02 6.717457630107754873e-01 8.080087473325926695e+00
1.455268892298467449e+02 6.765144701338553501e-01 8.128726875121245143e+00
1.454365236407244879e+02 6.647690598381037486e-01 8.223039345360914965e+00
1.453830802603037000e+02 6.684514046875826843e-01 8.048741689152249634e+00
1.453784491120399309e+02 6.727263107772075701e-01 8.143964164153572938e+00
1.453326102675343350e+02 6.788388621413329327e-01 8.004105602878155423e+00
1.454605082623494354e+02 6.763310583214291460e-01 8.065954182318396448e+00
1.454588081759342515e+02 6.930603319048375122e-01 8.034650723947587281e+00
1.455741212986967241e+02 6.807964305239582181e-01 8.266412711849461914e+00
1.454027793943882898e+02 6.929086644445620058e-01 8.033730137735217269e+00
1.455829885543974740e+02 6.742676754316350163e-01 8.089233373895561741e+00
1.456118970777560264e+02 6.891028693367193814e-01 7.976033014126236331e+00
1.455567042308167061e+02 6.839109041849638082e-01 8.088686665608522119e+00
1.455522318043136920e+02 6.798123556072871443e-01 8.076493307232421870e+00
1.454386434580181060e+02 6.854981217924978054e-01 8.011117577553216407e+00
1.452760100876496949e+02 7.016595241874327149e-01 7.945244519690316309e+00
1.451712255083505170e+02 6.843976509179408030e-01 8.100626069167416787e+00
1.451610708428125633e+02 5.642593866285734450e-01 8.094453556249227688e+00
1.451858384917905482e+02 5.917217783891505212e-01 8.033649013279720918e+00
1.453566372149621770e+02 6.503571239616950939e-01 7.904590586036012390e+00
1.453357317954958319e+02 6.636756432640248393e-01 8.045658959843395408e+00
1.453524645962294812e+02 6.570234379133379488e-01 8.000349187873657897e+00
1.454600391513676527e+02 6.545614870465407131e-01 8.105631095356507387e+00
1.454089765973581621e+02 6.693261379468458117e-01 8.027046188032379348e+00
1.453345184558136225e+02 6.767543163501049674e-01 7.981873974921962045e+00
1.452580780558348010e+02 6.622612560182000729e-01 8.030012521383348201e+00
1.452876779006401762e+02 6.566742500396803850e-01 8.026972117877361867e+00
1.454028675731442775e+02 6.651006119605664679e-01 8.099296333527327363e+00
1.454054529742694513e+02 6.959032149974427872e-01 8.033176375147698778e+00
1.454874909616775085e+02 6.790187468035201457e-01 8.052681515969172921e+00
1.455274888453873814e+02 6.641235913443732652e-01 8.184864998324604457e+00
1.456308660917411828e+02 6.609773733312170885e-01 8.156206902633018174e+00
1.457912173959049653e+02 6.759748161472938222e-01 8.127019734405587670e+00
1.458479128088461039e+02 6.819850801544892205e-01 8.135068691250904038e+00
1.460188138193746283e+02 6.867185157751793945e-01 8.157949314851066447e+00
1.462101229211858140e+02 6.909299331605029959e-01 8.008937798705535016e+00
1.464093010951801546e+02 6.712449076768425282e-01 7.997301730067191805e+00
1.465065128829162404e+02 6.739960848632347012e-01 7.991989841807312089e+00
1.464934588998818299e+02 6.826764016013262548e-01 7.821011233973511168e+00
1.464219847274394795e+02 6.672557007565736997e-01 8.048896883762763466e+00
1.464807823219230158e+02 6.615910974727968741e-01 7.975772005008553656e+00
1.464461845052290130e+02 6.507909634410877775e-01 8.151702731777859867e+00
1.464885632153501547e+02 6.429007283565243425e-01 8.145614870465408330e+00
1.465649119094227899e+02 6.676930673862052634e-01 8.135255630213569233e+00
1.465933442674990772e+02 6.773362961395340553e-01 8.104318995467611586e+00
1.465226919210623748e+02 6.870500678976421138e-01 8.086415180854627849e+00
1.464206303017477069e+02 6.703419572156675832e-01 8.071625839902651478e+00
1.463536391372590515e+02 6.773821490926406064e-01 8.111419148898647791e+00
1.463084104897448015e+02 7.060472990847045383e-01 8.122900022926476282e+00
1.463700862388233475e+02 6.865245225120364392e-01 8.175077156411477475e+00
1.463265964763769205e+02 6.989083470010405419e-01 7.964379309736698609e+00
1.463084387069467311e+02 6.899458582438319221e-01 7.993220817240710652e+00
1.464186727333650708e+02 6.969331428672204121e-01 8.104668183341269483e+00
1.464259809886602000e+02 7.013456078161649510e-01 8.062063735604818149e+00
1.464423011128158976e+02 7.066645503765233149e-01 8.065199372167256797e+00
1.465564996561028579e+02 6.965134119887836928e-01 8.201128688076469331e+00
1.466361532899493909e+02 6.948133255736027580e-01 8.025811685448742239e+00
1.465670423081671174e+02 7.185722095832671741e-01 8.026958009276405903e+00
1.465460733999964589e+02 7.089536708816112087e-01 7.849256653087138602e+00
1.463220640883198485e+02 7.053736133890623483e-01 8.004401883498227122e+00
1.463422217519355115e+02 6.929404087967127035e-01 8.017424122180484503e+00
1.464678623705976861e+02 6.726310777207554770e-01 8.178780664162390579e+00
1.466423751829709090e+02 6.673650424139816462e-01 8.181101529019628060e+00
1.467648307849672733e+02 6.848455989982893399e-01 7.928141368181577775e+00
1.467904802215050211e+02 6.681410154665538004e-01 8.198271696382906981e+00
1.469249669329664982e+02 6.662716258399026259e-01 8.075858420189408804e+00
1.470263548665855353e+02 6.722325097437524821e-01 8.100855333932948099e+00
1.468882845704812894e+02 6.732095303599456848e-01 8.069431952454014123e+00
1.469586335819974181e+02 6.732836005149639425e-01 8.187517415304304436e+00
1.468390984603989295e+02 6.839814471897430748e-01 8.219847274394652459e+00
