2.540000000000000000e+02 1.000000000000000000e+00 0.000000000000000000e+00
2.520113702285648003e+02 1.549156024803083653e+02 6.319036753425893993e-01
2.516084928646014589e+02 1.535613025486328524e+02 4.905621946345928297e-01
2.511441311830452037e+02 1.527206816980572626e+02 3.348674117904887337e-01
2.508730865916386392e+02 1.519835350839875616e+02 2.377924739915690255e-01
2.510153175800234635e+02 1.524967346044269050e+02 2.099289683000090112e-01
2.512601358755204899e+02 1.554638924340281676e+02 1.708215699165925305e-01
2.512687318714468176e+02 1.573479006329685035e+02 1.902025241391757104e-01
2.512284487759600893e+02 1.580310296373644690e+02 1.787394773820113192e-01
2.511148315736550956e+02 1.581527374921039950e+02 1.602970182155702417e-01
2.510030088564025164e+02 1.579433576981088265e+02 1.415245388096066925e-01
2.509902463549522338e+02 1.577284913176315797e+02 1.312603937038326063e-01
2.509224117260316405e+02 1.570668033156721037e+02 1.071534465199623504e-01
2.507644583671732903e+02 1.557019246883500330e+02 1.014915367856544376e-01
2.507591445256603606e+02 1.541881837284552148e+02 9.453017235822665232e-02
2.508796766832965943e+02 1.540453313738381667e+02 1.125085405628392099e-01
2.508885305075350232e+02 1.537926338451225377e+02 1.059055574892679014e-01
2.507752330123370825e+02 1.530585528096840449e+02 1.103685655721854814e-01
2.507557515050727659e+02 1.520595325572701029e+02 1.108635959314692304e-01
2.506808317541349140e+02 1.507902360418197532e+02 9.308633381031571064e-02
2.507411970968531989e+02 1.489056760902914789e+02 9.825321318533988824e-02
2.507092495906975671e+02 1.477001611426950660e+02 1.043250699359296596e-01
2.506789470291732869e+02 1.460818115017210062e+02 1.178301169251395469e-01
2.507006793776024551e+02 1.442211573912931328e+02 1.358780987740263735e-01
2.506892859444895691e+02 1.433028219308762345e+02 1.302419718709311447e-01
2.507800647149063309e+02 1.423561150429928830e+02 1.554627373631898568e-01
2.506094983950187611e+02 1.410279485890345654e+02 1.448427891866805872e-01
2.505346972451044962e+02 1.394508669476995237e+02 1.334828737543669597e-01
2.505061556509520244e+02 1.385602506091193789e+02 1.497621533820628903e-01
2.504475100230756368e+02 1.374779492336053295e+02 1.638163746761031880e-01
2.505454100114733649e+02 1.369049154967707125e+02 1.699604233540885079e-01
2.506692217452398381e+02 1.367535496512872157e+02 1.868584909308891318e-01
2.507995204393394317e+02 1.369697000167588499e+02 2.034523210993799125e-01
2.508629281561408391e+02 1.371770867979012678e+02 2.032331670340720153e-01
2.509918603601861662e+02 1.374614791610266593e+02 2.269250106354178675e-01
2.508893246187363957e+02 1.372940944425107261e+02 2.067086926815433490e-01
2.508798288020007590e+02 1.371530881386084957e+02 2.093308066158744984e-01
2.509472586404713184e+02 1.373089866058191717e+02 2.158590194789289929e-01
2.509829601268515376e+02 1.372889043585876152e+02 2.409302445501540491e-01
2.507841255108223493e+02 1.365499039589537347e+02 1.980508179603202301e-01
2.506739245336530360e+02 1.361230872362094146e+02 1.829730182671359118e-01
2.507506903353057339e+02 1.357167317683154693e+02 2.032512150159208886e-01
2.507433164455788983e+02 1.354768122107488750e+02 1.862139201505717268e-01
2.507477278879993889e+02 1.352944167279008809e+02 2.037153059777494224e-01
2.507465470343298364e+02 1.347859586701215733e+02 1.905454357943045796e-01
2.507024944889198252e+02 1.343272872594139642e+02 1.768521741372420242e-01
2.508820383906356710e+02 1.347615861597762148e+02 2.405409237988423432e-01
2.508832579185520331e+02 1.345140916063992904e+02 2.265820989802890262e-01
2.507875262662593059e+02 1.339843137254901819e+02 2.204354720191824268e-01
2.509106882726792094e+02 1.342040711090484706e+02 2.407523430147864574e-01
2.508407110904848594e+02 1.339569736112722467e+02 2.348326049683515659e-01
2.508544662309368221e+02 1.337671191553544361e+02 2.515733972747547509e-01
2.508460997022083063e+02 1.338617498807544166e+02 2.404506838895979215e-01
2.509642443696742475e+02 1.341473643500792718e+02 2.595402921194776558e-01
2.511216382410952406e+02 1.349147568034445897e+02 2.860192597749158794e-01
2.511326784494205242e+02 1.349481017390519639e+02 2.832218225883384455e-01
2.509236132059661486e+02 1.345097781387374027e+02 2.379291229969963117e-01
2.508609712392517963e+02 1.342276598213249770e+02 2.362094081551095182e-01
2.510720759046550938e+02 1.346052932152479684e+02 2.555259052996609603e-01
2.509764628533859252e+02 1.346870737775715270e+02 2.645009088448002643e-01
2.509177630815639759e+02 1.360656250402856813e+02 2.212708357504737655e-01
2.509857627206043560e+02 1.375942504286395831e+02 2.557759987624241282e-01
2.511502314009101440e+02 1.389648141702440398e+02 2.918229750808936096e-01
2.513746967294478623e+02 1.407052945043895136e+02 3.722370473501695476e-01
2.515133851568240573e+02 1.435035464284333102e+02 4.045119954622217184e-01
2.515229789483183254e+02 1.471455853347256095e+02 3.230872362094081574e-01
2.516493251343929956e+02 1.495699836279021895e+02 3.753928658906034443e-01
2.516086037307756840e+02 1.513301826713591538e+02 3.177089376184398795e-01
2.515568240708512064e+02 1.520952598264815379e+02 2.937128566087842119e-01
2.514650243003184187e+02 1.531899060215802422e+02 2.667001843472431855e-01
2.513763751917598199e+02 1.538304366322465739e+02 2.495803844220133849e-01
2.512640342395998516e+02 1.537790179319591175e+02 2.291423341197096897e-01
2.511702130950999674e+02 1.537584458109344894e+02 2.114217942272240969e-01
2.509172293769578914e+02 1.530875275554008681e+02 1.547485529385981828e-01
2.508572121024609771e+02 1.529526059996648257e+02 1.435072385298629682e-01
2.509632104781425994e+02 1.532593082466385681e+02 1.688646530275489666e-01
2.509604594500522126e+02 1.529926854107849579e+02 1.507779969318430724e-01
2.509210968016397771e+02 1.526464890229595994e+02 1.363344548864910966e-01
2.509590517074680065e+02 1.523973649946500757e+02 1.267277719766407573e-01
2.511352025885962576e+02 1.532893426667182268e+02 1.529875855667710838e-01
2.513177063593353182e+02 1.539035954158126174e+02 1.834396875120856973e-01
2.512579855873973429e+02 1.542673834293743766e+02 1.764525402534452281e-01
2.512255456291655378e+02 1.546809219940441551e+02 1.888308775186603172e-01
2.511644557888901659e+02 1.549236982893091579e+02 1.748359567364092260e-01
2.510989364582124779e+02 1.549703213829910737e+02 1.634141625091851402e-01
2.511490943780536611e+02 1.553692591303451138e+02 1.643114050353869371e-01
2.510857459617640473e+02 1.553838315865465063e+02 1.640509984401387067e-01
2.510458444521792956e+02 1.552977478696935805e+02 1.514328808446455399e-01
2.511417282231761874e+02 1.556607211457890116e+02 1.590852251485735669e-01
2.511154632530198114e+02 1.558306944605587034e+02 1.593662580087919500e-01
2.510742751801575423e+02 1.557648373747921369e+02 1.427982106715138255e-01
2.511338309419757309e+02 1.560025705482719047e+02 1.440074254553892485e-01
2.511511698959662624e+02 1.562945946294362614e+02 1.650848899717677898e-01
2.512574699307731123e+02 1.570617937115674749e+02 1.717961609364324349e-01
2.512489667530391557e+02 1.576140928955408640e+02 1.750087017055342864e-01
2.512068092457232638e+02 1.577438140542213034e+02 1.638808317541349258e-01
2.509541761740856884e+02 1.572210258988539522e+02 1.403694679712779170e-01
2.507138595609183938e+02 1.558430779543901679e+02 1.016952211522347271e-01
2.505439068724136575e+02 1.543904371479032136e+02 7.715254412086991476e-02
2.505067460777868007e+02 1.536157429967384758e+02 7.006484382049993354e-02
2.506687344497299250e+02 1.537073777571515052e+02 9.060602544765440636e-02
2.509955215222183540e+02 1.544228822627012789e+02 1.211432107359709104e-01
2.511787652602132255e+02 1.553759549316110338e+02 1.568833713630093663e-01
2.512039628211574041e+02 1.558668136288045787e+02 1.551997524848203469e-01
2.511038996532209069e+02 1.556932616570625498e+02 1.357208235036289345e-01
2.511174691572881557e+02 1.560612161761482923e+02 1.463253019814105826e-01
2.510882417398254631e+02 1.562919725155019250e+02 1.436490441015327857e-01
2.511921465496126018e+02 1.568955666421729802e+02 1.623544881463433454e-01
2.513054466230936725e+02 1.580531074757319061e+02 1.797759471967616818e-01
2.513529514896030719e+02 1.595598587100849670e+02 2.015882224027020497e-01
2.513485116860682353e+02 1.606045480914259258e+02 1.855590362377692593e-01
2.510868288406749969e+02 1.599661316729190048e+02 1.385079475577213060e-01
2.508269739980147222e+02 1.572245143159170198e+02 9.363550811514612104e-02
2.506524577483853591e+02 1.551908238903714050e+02 6.885305075350324489e-02
2.505984195124466680e+02 1.544866741436877078e+02 6.816722744324554828e-02
2.507577058436787070e+02 1.545417101751943392e+02 9.465392994804759652e-02
2.508885047247038074e+02 1.546630003480682092e+02 1.187582988487965868e-01
2.509230511402457182e+02 1.545812275205940409e+02 1.234224130151731907e-01
2.508596511582937012e+02 1.542553969911435843e+02 1.102138685849093080e-01
2.507440873522321567e+02 1.538346340771680048e+02 9.805210710188086431e-02
2.510186023127199633e+02 1.535346611491407884e+02 1.179977053280220761e-01
2.508879271892846532e+02 1.530515269881785798e+02 1.191991852625336745e-01
2.508096195743254668e+02 1.526998182310399557e+02 9.855229402740714462e-02
2.509015327893155813e+02 1.527737840172229369e+02 1.085689239535393424e-01
2.509261347668587518e+02 1.527513864717484751e+02 1.178945740031712847e-01
2.508650836008302178e+02 1.524891492954841397e+02 1.032060950612986860e-01
2.507882713900813485e+02 1.523194724832733868e+02 1.021979863608822869e-01
2.509326758711374055e+02 1.525079191966069914e+02 1.189181524023152914e-01
2.510148715370434900e+02 1.527189310438179177e+02 1.419989429039202888e-01
2.511261192971600167e+02 1.531102267600005291e+02 1.478774284204148470e-01
2.512137938146987892e+02 1.536795039383274570e+02 1.634373670572765724e-01
2.511944644261386372e+02 1.541965863531474383e+02 1.638473140735584310e-01
2.512005543308710855e+02 1.542652150932694042e+02 1.658403269262997692e-01
2.511682896958915023e+02 1.548066442356034997e+02 1.602712353843575577e-01
2.511518711889752637e+02 1.551917881682587677e+02 1.616222557399027981e-01
2.510423508785499678e+02 1.550964535715666841e+02 1.518325147284423360e-01
2.508707326191488960e+02 1.545575202072939760e+02 1.286898454319268803e-01
2.509336530404403618e+02 1.546652176715525115e+02 1.408387154993489820e-01
2.511364375862113434e+02 1.553526756133090885e+02 1.572804269636848828e-01
2.512931043817921761e+02 1.562022869371285765e+02 1.715202846424565830e-01
2.512326642688633740e+02 1.566068865942169168e+02 1.615810032099624927e-01
2.511399517861056268e+02 1.568287014477059813e+02 1.540962473089169948e-01
2.511076536334454943e+02 1.569196323368269077e+02 1.395882481855332535e-01
2.510401155070838399e+02 1.569834860966082601e+02 1.333900555620012585e-01
2.511047298603859588e+02 1.571895734230575954e+02 1.364582124763120130e-01
2.510493431823748551e+02 1.571613412228796847e+02 1.350350001933712241e-01
2.511387735107192043e+02 1.575263307163759521e+02 1.500715473566152369e-01
2.511966817496229396e+02 1.578852457748385234e+02 1.599283237292287163e-01
2.512133683979837713e+02 1.584428536437586104e+02 1.638473140735584310e-01
2.512511763416740678e+02 1.590933080661587553e+02 1.853063644918848674e-01
2.512197419138595649e+02 1.593436026350053396e+02 1.732580474661922498e-01
2.511816374676103294e+02 1.594813654587410383e+02 1.671939255649662892e-01
2.512161864614353419e+02 1.599287388328112343e+02 1.751969163733869683e-01
2.512442356035116120e+02 1.603614237279395525e+02 1.912518853695324150e-01
2.512361165899627338e+02 1.609002281780562384e+02 1.772053989248559280e-01
2.512262211393433233e+02 1.611952868984543272e+02 1.715177063593353313e-01
2.513210168748630338e+02 1.620471413285893050e+02 1.854610614791610268e-01
2.513623725361281913e+02 1.631020046151267877e+02 1.835479754031790200e-01
2.512210671513838918e+02 1.631030436632246676e+02 1.625040285673769735e-01
2.510396307898570285e+02 1.627677353650204282e+02 1.279705044410926751e-01
2.509503500019337139e+02 1.625037397996674144e+02 1.105851413543721268e-01
2.508790862564618180e+02 1.622467855255185611e+02 9.789741011460469100e-02
2.508844129893903698e+02 1.620191282824766859e+02 9.718580397313429653e-02
2.508895592425004111e+02 1.616389011357337040e+02 8.961596472908689437e-02
2.509418468241997573e+02 1.613905763751917561e+02 1.010171326913408413e-01
2.510268682884067459e+02 1.617419138595609240e+02 1.070167975145350642e-01
2.511348442072423950e+02 1.620457387425713307e+02 1.094584316303773286e-01
2.510706604272215259e+02 1.618874888811540416e+02 1.129545835428188427e-01
2.511184153871936644e+02 1.619012465998891344e+02 1.170282708744247169e-01
2.510528883216666145e+02 1.617874875920124680e+02 1.134032048059197412e-01
2.510226192778228835e+02 1.616915393639375509e+02 1.064134792641579924e-01
2.510348687009320372e+02 1.617522398834616126e+02 1.149759575098941583e-01
2.508160549689961556e+02 1.609977826765156976e+02 8.775702259865156285e-02
2.509965657268824657e+02 1.613460210645731081e+02 1.087751866032408976e-01
2.511151254979309329e+02 1.617034793930721435e+02 1.247502288226270128e-01
2.510371582163437267e+02 1.616290417810779729e+02 1.229609003364659503e-01
2.511615784249268302e+02 1.619830503667607786e+02 1.385878743344806652e-01
2.511714223098838374e+02 1.622822059790385651e+02 1.430663521161258667e-01
2.512057882456072377e+02 1.625566281213340005e+02 1.418545590491291919e-01
2.512241533562800555e+02 1.628668007373889850e+02 1.568034445862500070e-01
2.510034110685694486e+02 1.636098902940532014e+02 8.585940622139717759e-02
2.510406724162380385e+02 1.635268515295664713e+02 8.835002771654355824e-02
2.511297881940415948e+02 1.637929535522295623e+02 1.016565469054156873e-01
2.511762720604349681e+02 1.638250815382037047e+02 9.874824354462363729e-02
2.510706191746915863e+02 1.636245349421820094e+02 9.455079862319681894e-02
2.511980662876590600e+02 1.639579224194608855e+02 1.166312152737492142e-01
2.512695981745755489e+02 1.643733560222248116e+02 1.481945572443310044e-01
2.511144293614881917e+02 1.640905467249358765e+02 1.132098335718245280e-01
2.510840855474339719e+02 1.641333462247489479e+02 1.158706217529746896e-01
2.509857111549419244e+02 1.638642379239664422e+02 1.011176857330703532e-01
2.508504905183638130e+02 1.634105090820023065e+02 8.230137551404519136e-02
2.508756416702118202e+02 1.632990421678204598e+02 9.200861146562504256e-02
2.507795490582821003e+02 1.628245633032963440e+02 7.745420324605845064e-02
2.510236119168245921e+02 1.632672287323871103e+02 1.011795645279808115e-01
2.513007309432648810e+02 1.644616751105438937e+02 1.559861288368075694e-01
2.512837838883087613e+02 1.649949723479135173e+02 1.638679403385285838e-01
2.510568047337278017e+02 1.645093913962692227e+02 1.233785822021116196e-01
2.507970839617898378e+02 1.629768573307034956e+02 6.761547485529385837e-02
2.506971342383106958e+02 1.612009307602067736e+02 6.416057547279266360e-02
2.507263358729422009e+02 1.587477691405293285e+02 8.616622191282824472e-02
2.506771834835183199e+02 1.573053383352025776e+02 8.573564863157623339e-02
2.507916927717832607e+02 1.572555078573178093e+02 1.030668677727501203e-01
2.509990383003957675e+02 1.576029134599270378e+02 1.220868623583555718e-01
2.512914826417088818e+02 1.589864691701795891e+02 1.531654871021386755e-01
2.513056812468577164e+02 1.608832398705701792e+02 1.788271390081344892e-01
2.515821144499877562e+02 1.627559990202524034e+02 2.353998272550308635e-01
2.513383352025886097e+02 1.665610885511337926e+02 1.565198334429103721e-01
2.514104188420930370e+02 1.689017596782302633e+02 1.742970955640638919e-01
2.514247953487772520e+02 1.699408490286318454e+02 1.689832540511273518e-01
2.511413646852560930e+02 1.693898441427853072e+02 1.154580964535715654e-01
2.508520349099534599e+02 1.681815446494179582e+02 7.796212502094855556e-02
2.507960036611620183e+02 1.670166325044152984e+02 7.339340733005891848e-02
2.508345361024094018e+02 1.663151615938946293e+02 7.679674105013471752e-02
2.508969743847571863e+02 1.659583555710252654e+02 8.130100166299261688e-02
2.508683683335267176e+02 1.654971909605393705e+02 8.460636062446016958e-02
2.507973340552526054e+02 1.644970259504196122e+02 7.907078676309445275e-02
2.508193371234095252e+02 1.632941150687757101e+02 7.248327338825076571e-02
2.507766433332044187e+02 1.615341042399865898e+02 8.018976163772544019e-02
2.507555555555555600e+02 1.605579249977440099e+02 7.866341802993387367e-02
2.509128076214049088e+02 1.607020768070541692e+02 9.271248275773162628e-02
2.511598123009887615e+02 1.618584574132085550e+02 1.418365110672802909e-01
2.513013394180815112e+02 1.625952379110750030e+02 1.541684392363125433e-01
2.512778976679429093e+02 1.640892266439777814e+02 1.695169586572301546e-01
2.512897268309033052e+02 1.651671965038480892e+02 1.639272408503177625e-01
2.512987224607134067e+02 1.664237305178481563e+02 1.768960049503035814e-01
2.512944786066958045e+02 1.679414446120328535e+02 1.609983112245555736e-01
2.513779995101262159e+02 1.695179152002681349e+02 1.540962473089169948e-01
2.514472264119322915e+02 1.704655038609789699e+02 1.504660246741694740e-01
2.512475512756055878e+02 1.703113844091219562e+02 1.202640161916180006e-01
2.511650075414781327e+02 1.703106805378298532e+02 1.061917469157288157e-01
2.513028967010867518e+02 1.707304250299725368e+02 1.180080184605071525e-01
2.513783939874437579e+02 1.716449291616712571e+02 9.727862216549999774e-02
2.514601126709723928e+02 1.725807324902347659e+02 1.258356860166814917e-01
2.514247592528135442e+02 1.746318237485658358e+02 1.296489667530391632e-01
2.513945340397829113e+02 1.780379342795632454e+02 9.536295780639672537e-02
2.515485529385981920e+02 1.800795812868211101e+02 1.202253419447989607e-01
2.515162109551249898e+02 1.808899098890049117e+02 7.799306441840378468e-02
2.515009500973301897e+02 1.811865594100888188e+02 6.041948666383055444e-02
2.513782779647033010e+02 1.809341480707996652e+02 4.730633870905363858e-02
2.511911178146472139e+02 1.801600108287890976e+02 3.215892537159505821e-02
2.512705057302342482e+02 1.781807711644815697e+02 4.939732632040324395e-02
2.511425996828711789e+02 1.763478439107398401e+02 5.021979863608822675e-02
2.509512188833455753e+02 1.744452849647419725e+02 4.709491949310953829e-02
2.508657178584780354e+02 1.721625684856454086e+02 4.685771744595274013e-02
2.508656766059480958e+02 1.698264428716917394e+02 4.700725786698637526e-02
2.508098181021258029e+02 1.684572662464065047e+02 5.175129881012233840e-02
2.511187686119812952e+02 1.689776050328086399e+02 8.563767387296798705e-02
2.514485232883423009e+02 1.704239032628172765e+02 1.288754818166582827e-01
2.515613618491446459e+02 1.714219076716814243e+02 1.478232844748681718e-01
2.515490711735055527e+02 1.720537675162109679e+02 1.612587178198038040e-01
2.513817199726701972e+02 1.724002965025589447e+02 1.396191875829884965e-01
2.512297894831831400e+02 1.720974668368333482e+02 1.069729667014734931e-01
2.510691856492761360e+02 1.715752459037526876e+02 8.292532002939242974e-02
2.513029224839179676e+02 1.723045545371337255e+02 1.096672725632001633e-01
2.513296773278673868e+02 1.725175439274986786e+02 1.087133078083304394e-01
2.510613038377744317e+02 1.718285854249655245e+02 7.039228577690116728e-02
2.510647432674581978e+02 1.717700764460945493e+02 7.547923837516597179e-02
2.512727101623029284e+02 1.722748578721429453e+02 9.802890255378943207e-02
2.515004163927240768e+02 1.736730711219398984e+02 1.232135720823503561e-01
2.515060808807415071e+02 1.753397841977027554e+02 1.249384434904796948e-01
2.514671539621765817e+02 1.760063167936471018e+02 1.305487875623622118e-01
2.515214680744092561e+02 1.765823619651673937e+02 9.859612484046872960e-02
2.512222196439390984e+02 1.757325314872826141e+02 6.482319423495894184e-02
2.510359206404455392e+02 1.732195949517216604e+02 5.698521354629951935e-02
2.509285944489564315e+02 1.718969279756610149e+02 5.229789483183148319e-02
2.508984440061363159e+02 1.712136803702414625e+02 5.169715486457567705e-02
2.510063554678939397e+02 1.713157906949762150e+02 6.121617614830284632e-02
2.511308375552719383e+02 1.715517448531023206e+02 7.152157378401721721e-02
2.509269314563432260e+02 1.703994714519601530e+02 4.815975042219386437e-02
2.508062497582859578e+02 1.694954660891312415e+02 5.746735248997692641e-02
2.508450787020922803e+02 1.692214435807196082e+02 5.998633509945727055e-02
2.509902876074821734e+02 1.693296695930179965e+02 8.039860257054827486e-02
2.511332714545384306e+02 1.697826790939913053e+02 8.736254528109731188e-02
2.511778190303077167e+02 1.698848358278222577e+02 8.855886864936639291e-02
2.511558262752832889e+02 1.700198759845818586e+02 9.178172255095332077e-02
2.513511956787974952e+02 1.708372097820061697e+02 1.244330999987108555e-01
2.514338270745510613e+02 1.717154890358510215e+02 1.368217503964110349e-01
2.513899936832063418e+02 1.722719160511015843e+02 1.281638756751878883e-01
2.513116963813796474e+02 1.723696587642288875e+02 1.158783566023385003e-01
2.513383377808717114e+02 1.726642843330626249e+02 8.522772685668612846e-02
2.514543398950638675e+02 1.732852664011035131e+02 1.256268450838586570e-01
2.514896159647290972e+02 1.739188872130048651e+02 1.013187918165293772e-01
2.515498034059120016e+02 1.745866032409018942e+02 1.357981719972670143e-01
2.515495584690154942e+02 1.752808188627193147e+02 9.733792267728919034e-02
2.515532273658970439e+02 1.763751092547472581e+02 1.306416057547279130e-01
2.515437367057276674e+02 1.784365445849608705e+02 8.883216666022096530e-02
2.516231375127302670e+02 1.800277810006316770e+02 1.184437483080016951e-01
2.515705482719057500e+02 1.814769204986399416e+02 7.176651068053782612e-02
2.516189271763932425e+02 1.828311688646530229e+02 5.960990576375192057e-02
2.517068543656778843e+02 1.842158435497802031e+02 5.245517010222892906e-02
2.516872826185043266e+02 1.846310734681775330e+02 4.942826571785848000e-02
2.512129068853050740e+02 1.826865658557966299e+02 3.323149115004318810e-02
2.512541671500947587e+02 1.766036637403153122e+02 5.466475873715692657e-02
2.510655219089608181e+02 1.736246200255249903e+02 8.038055458869938774e-02
2.509925461834964153e+02 1.732656946539299554e+02 6.605561356692578323e-02
2.510590194789289740e+02 1.731601990434569700e+02 5.689239535393381814e-02
2.509206327106779497e+02 1.721313918861430068e+02 4.747134882881489520e-02
2.508032769978471208e+02 1.712058449678359295e+02 5.299403127457426310e-02
2.508547885163269768e+02 1.712363331657449237e+02 6.248984801021000013e-02
2.512785731781206948e+02 1.726092354101403998e+02 7.016024029598690037e-02
2.512069974603911362e+02 1.756997898699256098e+02 4.899253587036392354e-02
2.513419989429039276e+02 1.781087571386213995e+02 6.503719173402430775e-02
2.516101378092328389e+02 1.796613657165693496e+02 1.087133078083304394e-01
2.517664952108391105e+02 1.808095551172474131e+02 1.524435678281832185e-01
2.516492297379175227e+02 1.814703510332469705e+02 1.319126993335138220e-01
2.514261618388315185e+02 1.810960023720204788e+02 8.403398177153832693e-02
2.512120122210619968e+02 1.803561562955228226e+02 6.149978729164249508e-02
2.511033272743679845e+02 1.798818089234378874e+02 5.384486470459320939e-02
2.511131247502288204e+02 1.792961312861765464e+02 4.067757280426963912e-02
2.509816658287246582e+02 1.786203967977723721e+02 3.632543089556664051e-02
2.509703884183522291e+02 1.766314731020613351e+02 4.851813177605032723e-02
2.509829523920021757e+02 1.762122958322053421e+02 4.989751324592953813e-02
2.509669283624034790e+02 1.757630093720591447e+02 5.621430689303992534e-02
2.509602325611375306e+02 1.749070760980263231e+02 4.183780020884093204e-02
2.508746799706075592e+02 1.739690167717317024e+02 4.208273710536154094e-02
2.511930051178919996e+02 1.746565443271325648e+02 5.926699410862306533e-02
2.510863931108274869e+02 1.742601642366348358e+02 5.415168039602429040e-02
2.510525325185958536e+02 1.709252839334287160e+02 6.178597671810341641e-02
2.510337187866599606e+02 1.670804862641966793e+02 7.522656662928156601e-02
2.510549483698804920e+02 1.632023720204715573e+02 1.082182774490466765e-01
2.508746799706075592e+02 1.612013613334880233e+02 8.548039860257054812e-02
2.508532234984723743e+02 1.608578824560725025e+02 7.871240540923798990e-02
2.511638292660917102e+02 1.621735622848744924e+02 1.299557824444702303e-01
2.512333011047943216e+02 1.658592695723917529e+02 1.225225922058501282e-01
2.512703484549638517e+02 1.711705688981706999e+02 1.093243609080713219e-01
2.514631137925255473e+02 1.734121746528986421e+02 1.135295406788619510e-01
2.512448286086295184e+02 1.731929664436451901e+02 9.491691482641709254e-02
2.509966740147735607e+02 1.722419228835518368e+02 6.613554034368514245e-02
2.509736086939706752e+02 1.697009500973301783e+02 6.791713398048239425e-02
2.509140916063992961e+02 1.675993966817496243e+02 7.267148805610344764e-02
2.510860682471542304e+02 1.680262572353070141e+02 9.348338941099122723e-02
2.511420866045300500e+02 1.683038841835222001e+02 1.003931881759936029e-01
2.508717329929999664e+02 1.665274058604375398e+02 8.158203452321100002e-02
2.508005311263229942e+02 1.646582949813719097e+02 7.824573616428820433e-02
2.507138440912196700e+02 1.634989570844774391e+02 6.133219888875997283e-02
2.508038055458870019e+02 1.624187363834422797e+02 7.889288522772686107e-02
2.508146266001469655e+02 1.617373941292493384e+02 7.666267032782869695e-02
2.509287001585644248e+02 1.616151035825243980e+02 8.574080519781877852e-02
2.509948047595106289e+02 1.615793427956323853e+02 9.624730891699218027e-02
2.510394193706410988e+02 1.616508463214345568e+02 1.080042799499813105e-01
2.510339198927434268e+02 1.615620605638705172e+02 1.034355622590916735e-01
2.510362248778538401e+02 1.615739438707764464e+02 1.126451895682664961e-01
2.513334983434531011e+02 1.632473450129558614e+02 1.547898054685384883e-01
2.513296747495842567e+02 1.660032486367327920e+02 1.671036856557218675e-01
2.514074718644854443e+02 1.692422941563212930e+02 1.326165706256204058e-01
2.513995745832849877e+02 1.707177579249977555e+02 1.429786904900026967e-01
2.511931237189155866e+02 1.704610743705766254e+02 1.225457967539415466e-01
2.509820680408915621e+02 1.696863699062793955e+02 7.801626896649521692e-02
2.509743151435459083e+02 1.693657191476195862e+02 8.111794356138248008e-02
2.510539273697644660e+02 1.694262288741926739e+02 9.216846501914374712e-02
2.510146652743937921e+02 1.693570329117840458e+02 8.453416869706462111e-02
2.511171442936148708e+02 1.694901599824676737e+02 7.672970568898170030e-02
2.512391460726302341e+02 1.699980894922071286e+02 1.000992639001688778e-01
2.513063335524873878e+02 1.705056735120083431e+02 1.111987727372342749e-01
2.513649327712676040e+02 1.711551481868224016e+02 1.303218986476905039e-01
2.514329581931391999e+02 1.719283984994392256e+02 1.112658080983872783e-01
2.514431424114682159e+02 1.726215209292132329e+02 1.234894483763262080e-01
2.513992162019311252e+02 1.729246935065939681e+02 9.604104626729061123e-02
2.511401760967371786e+02 1.723345838006471524e+02 7.809619574325456226e-02
2.509222028850988124e+02 1.710251150558842994e+02 6.111046654033079617e-02
2.511289915045571206e+02 1.701701305900400882e+02 6.863905325443786509e-02
2.512024390558327127e+02 1.706106457310077360e+02 7.844684224774722825e-02
2.513306983279833844e+02 1.711854017609673804e+02 9.518505627102911981e-02
2.513617898441427769e+02 1.712879271892846589e+02 1.003545139291745630e-01
2.512939964677521232e+02 1.712602080674478771e+02 9.292132369055446095e-02
2.512805610344071852e+02 1.712917507831535033e+02 9.809593791494243542e-02
2.512379703755269418e+02 1.712041536141083782e+02 9.116551288496989314e-02
2.510697709195446805e+02 1.707736009591213246e+02 7.770171842570032517e-02
2.510211548130100141e+02 1.705554266413994924e+02 6.746851271738149580e-02
2.510243080532673332e+02 1.703156359979889487e+02 7.661110466540330122e-02
2.509929999613257507e+02 1.701521573784017107e+02 7.467481404132987610e-02
2.509912518853695360e+02 1.699365639220842752e+02 7.719121836768895462e-02
2.509496899614546805e+02 1.694463343259723445e+02 6.912377048123653778e-02
2.509830658364595024e+02 1.693469105722499251e+02 7.454332160214513503e-02
2.511741913859560782e+02 1.698186899743460856e+02 1.006922690180608732e-01
2.513920227920228001e+02 1.708774774077941458e+02 1.346869319719998515e-01
2.514507277204109812e+02 1.718047491975093806e+02 1.387838238516971578e-01
2.514026401619161675e+02 1.726495803844220234e+02 1.405757306209794999e-01
2.513788709698212074e+02 1.731010532286550472e+02 1.246342060821698794e-01
2.513362442149772562e+02 1.734888631060576643e+02 1.214577612767658021e-01
2.513634090059429411e+02 1.740404893581364263e+02 1.305539441286047708e-01
2.514569568524319720e+02 1.747794485052403672e+02 1.476660092044707329e-01
2.515328331464077962e+02 1.762697760761109294e+02 1.016075595261115572e-01
2.515869281045751507e+02 1.768202163179538786e+02 1.213597865181575558e-01
2.515432674581995798e+02 1.770260019852780147e+02 1.014734888038055505e-01
2.514046409096182799e+02 1.768197831663894988e+02 8.040375913679080611e-02
2.511540781993270741e+02 1.760367895218574006e+02 5.026105116602853917e-02
2.508498768869809510e+02 1.741293241030797674e+02 4.351884080390867882e-02
2.510444831186912609e+02 1.710385685372110629e+02 6.068762810844258865e-02
2.509414291423341297e+02 1.688492761470137111e+02 6.861842698946771235e-02
2.508782302664655504e+02 1.674203942194892534e+02 6.838895979167472494e-02
2.509422052055536199e+02 1.668992587436026440e+02 8.819275244614610543e-02
2.508742519756094396e+02 1.663261914890874209e+02 8.471464851555349229e-02
2.508811437263925939e+02 1.661426486702504803e+02 8.863363885988320701e-02
2.509744724188163048e+02 1.662723672506477897e+02 9.689187969730955752e-02
2.509576594345825242e+02 1.660169083807092818e+02 8.810509082002294934e-02
2.508272421394593437e+02 1.650890564772917628e+02 7.362545281097317151e-02
2.508509752355906244e+02 1.645140297276043952e+02 7.802400381585901379e-02
2.509263668123396656e+02 1.643540034291165455e+02 8.878575756403810082e-02
2.509514328808446351e+02 1.642437096337548894e+02 8.490028490028489472e-02
2.510953371749751852e+02 1.645593817277075175e+02 1.007928220597903851e-01
2.512487115030101563e+02 1.651498704412731513e+02 1.293189465135166361e-01
2.513039847365639332e+02 1.654661948408554792e+02 1.478851632697786578e-01
2.512626213404493853e+02 1.659891918371556301e+02 1.391989274342215477e-01
2.512433925049309664e+02 1.663441879052738841e+02 1.467197792989648197e-01
2.511130602931507951e+02 1.660718670637222658e+02 1.232470897629268647e-01
2.509454048549071103e+02 1.656128243802452005e+02 9.923811733766485510e-02
2.508104549380567505e+02 1.649488185017596891e+02 7.273594513413518536e-02
2.507261760193887028e+02 1.643387812455685832e+02 6.473037604259324063e-02
2.508681620708769913e+02 1.644733057457039251e+02 9.015482590143224229e-02
2.511971045880548274e+02 1.655286846888656953e+02 1.258021683361049969e-01
2.514603859689832461e+02 1.670824844336156616e+02 1.564605329311211657e-01
2.514076935968338660e+02 1.678718154980598456e+02 1.700687112451818306e-01
2.511457168271647902e+02 1.674663830555233233e+02 1.277616635082698404e-01
2.509848371169638028e+02 1.668043547201918102e+02 9.300898531667763092e-02
2.509855873973521057e+02 1.665364453210607110e+02 8.879864897964445669e-02
2.510063683593095334e+02 1.664342808523803967e+02 9.658506400587849039e-02
2.510676103182890415e+02 1.665536089517989922e+02 9.525209163218212316e-02
2.512066906446997052e+02 1.672960307331348133e+02 1.154039525080249040e-01
2.513423418545590380e+02 1.682159312114063141e+02 1.429786904900026967e-01
2.511305616789779549e+02 1.689213881476324843e+02 8.074924907504092697e-02
2.510589550218509487e+02 1.680488868262623896e+02 6.888656843407973962e-02
2.508592747289579847e+02 1.672885098812700733e+02 6.226553737865955090e-02
2.510152221835479622e+02 1.675361049876887023e+02 8.166969614933415611e-02
2.515050237846618018e+02 1.691162986167510951e+02 1.438836678655683043e-01
2.517380722177102257e+02 1.711346946668213604e+02 1.664823194234958947e-01
2.516888502146420592e+02 1.722086243570406339e+02 1.867630944554021510e-01
2.515659022057212155e+02 1.731798017300279753e+02 1.606966520993670378e-01
2.515370718438591666e+02 1.740199043456962045e+02 1.722705650307460312e-01
2.513718322569001202e+02 1.739597839398744270e+02 1.397403668896881612e-01
2.511535625427028151e+02 1.734957187608771392e+02 9.077103556741565604e-02
2.510139742945172827e+02 1.728945997860024875e+02 7.858349125317451445e-02
2.508798004408864131e+02 1.709845535058204860e+02 5.522166789135114773e-02
2.510011112400252671e+02 1.676822833275321898e+02 8.024648386639336717e-02
2.508481752201209076e+02 1.667237034458754010e+02 6.503719173402430775e-02
2.510773330239393601e+02 1.671933867037939478e+02 8.978613141509068918e-02
2.510687679674105084e+02 1.670286756648747541e+02 7.681478903198360464e-02
2.509578347578347461e+02 1.665777339469647131e+02 7.761147851645588958e-02
2.511541168735738836e+02 1.670095215995668525e+02 1.036134637944592651e-01
2.514068994856325219e+02 1.683724226837348965e+02 1.384151293653556047e-01
2.513949878176122468e+02 1.693108610176483353e+02 1.473205192662206120e-01
2.513165590233463433e+02 1.694929213236905525e+02 1.332482499903314410e-01
2.512739400033517541e+02 1.695563238839256996e+02 1.221049103402044589e-01
2.513747121991465860e+02 1.707685681504686102e+02 1.443735416586095222e-01
2.514299983241159850e+02 1.725466939964677522e+02 1.322375630067937624e-01
2.514426576942414044e+02 1.742441685681504566e+02 1.284655348003764241e-01
2.514176896004950379e+02 1.754433099998710759e+02 1.194467004421755491e-01
2.514906240734295011e+02 1.764133116757551250e+02 1.456807312010932054e-01
2.514891725000322253e+02 1.769893001250467250e+02 9.842080158822240354e-02
2.514796199610679253e+02 1.772265021722035385e+02 9.257583375230434009e-02
2.514758505111446425e+02 1.774863673279962768e+02 7.990872877750705705e-02
2.514462904951592748e+02 1.774679068208479862e+02 8.308259529978986868e-02
2.513526266259297870e+02 1.773242809812945495e+02 6.270384550927537992e-02
2.512241971870931252e+02 1.768999239406479091e+02 4.670302045867656682e-02
2.509311469492465108e+02 1.759295870879581400e+02 3.896559281174665629e-02
2.508815794562401038e+02 1.748158280800814737e+02 4.363228526124453971e-02
2.509226257235307003e+02 1.740065849350917233e+02 5.307395805133361538e-02
2.509282927898312607e+02 1.734871304998001733e+02 5.349937476634309547e-02
2.510307743873354696e+02 1.731672377563780287e+02 4.757963671990821097e-02
2.510703149372832570e+02 1.731204496525763545e+02 6.241249951657191347e-02
2.510639285299918697e+02 1.730083433241804300e+02 6.337935568704800016e-02
2.510845238555645835e+02 1.726387438604633076e+02 5.646440035580307243e-02
2.512526356499207054e+02 1.732312900439597172e+02 8.238388057392581620e-02
2.512701112529166778e+02 1.734375758982093885e+02 8.344613321988887666e-02
2.510392234211238645e+02 1.725213829910662469e+02 6.655580049245207741e-02
2.508809426203091277e+02 1.716066648618684951e+02 5.805004447538383849e-02
2.508450090884479948e+02 1.707011228422993270e+02 5.674801149914272119e-02
2.509098168129842463e+02 1.704318521096801646e+02 5.901947892898119080e-02
2.510614018125330347e+02 1.708104832991710680e+02 6.247695659460365120e-02
2.512159131634244886e+02 1.712546853850021193e+02 8.953861623544881465e-02
2.512563664255972071e+02 1.714649907826378410e+02 8.972940918642276220e-02
2.513808124170114979e+02 1.719804153614108486e+02 7.618310966727256939e-02
2.514181408000412432e+02 1.724625826662025645e+02 1.012852741359528685e-01
2.515069755449845843e+02 1.733232522463291616e+02 1.257841203542560959e-01
2.515086436941640500e+02 1.747826971419731592e+02 9.019865671449381339e-02
2.515817766948988776e+02 1.765175310360830849e+02 1.160021141921594445e-01
2.515132020987224735e+02 1.770262675484395061e+02 1.219270088048368533e-01
2.513902850291990489e+02 1.767685578373361182e+02 7.907852161245826350e-02
2.511123383738768382e+02 1.755535341815884749e+02 4.991556122777842525e-02
2.510135282515373092e+02 1.742433383609854332e+02 3.756042851065475446e-02
2.511758466437199502e+02 1.727940802619535532e+02 5.249126606592669636e-02
2.510348583877995736e+02 1.713663121527374926e+02 5.550785731781206905e-02
2.510562658725554570e+02 1.676669837954905802e+02 8.715628263139575671e-02
2.507907929509739517e+02 1.663772105554911036e+02 5.361539750680022198e-02
2.506704515862886922e+02 1.658073816245762089e+02 5.154503616042077629e-02
2.506938134096505166e+02 1.650422142295445553e+02 6.565855796625028051e-02
2.506537211071147624e+02 1.639017210039834538e+02 6.339998195201815290e-02
2.505092650603962738e+02 1.630077709453275077e+02 5.671965038480875770e-02
2.506576839282721494e+02 1.621163450258472949e+02 6.398525222054633754e-02
2.509242036328009249e+02 1.624621263100900990e+02 8.914413891789457756e-02
2.512137164662051418e+02 1.633530339946629510e+02 1.310489744878885199e-01
2.513542406311637194e+02 1.640309729151358056e+02 1.430018950380941289e-01
2.514748501372935721e+02 1.651087597169045011e+02 1.918448904874244243e-01
2.514360882288484049e+02 1.659460597388199119e+02 1.990099392814324852e-01
2.513521187041548899e+02 1.661834628920601631e+02 1.735390803264106330e-01
2.512983537662270805e+02 1.662963040311456666e+02 1.644738368720269073e-01
2.513063851181498194e+02 1.665687512085702053e+02 1.662812133400368708e-01
2.514912686442098106e+02 1.685016617034716546e+02 1.892562942336697973e-01
2.514977530262598009e+02 1.711816864549896309e+02 1.670753245413878763e-01
2.514646891235126418e+02 1.736794858903456316e+02 1.449742816258653422e-01
2.514285029199056396e+02 1.748799241984762318e+02 1.346224748939681137e-01
2.512896830000902355e+02 1.749535676992690583e+02 1.102757473798197801e-01
2.512024442123989729e+02 1.746463549522373171e+02 7.817612252001392148e-02
2.510022018537855502e+02 1.741369532428356024e+02 6.362944914981114031e-02
2.508951644300060480e+02 1.734045119954622294e+02 5.052919261064057338e-02
2.508800737388972664e+02 1.729375462479534917e+02 5.046473553260883566e-02
2.510885691817818497e+02 1.731622539351046157e+02 5.365665003674053440e-02
2.514100011602274094e+02 1.743501463175671233e+02 9.681195292055021218e-02
2.515311340578308830e+02 1.761264364259839397e+02 1.249745394541774690e-01
2.515635172938340247e+02 1.782721120006187903e+02 8.967526524087610085e-02
2.516301427079707764e+02 1.799883874128217940e+02 1.368062806976834134e-01
2.516373103350478857e+02 1.811286124969383025e+02 8.494669399646774532e-02
2.515100204973508085e+02 1.810808343324180498e+02 6.849466939964678203e-02
2.512549354784648870e+02 1.801529927421330228e+02 4.698405331889494996e-02
2.510883500277165297e+02 1.786759716904513198e+02 3.603924146910571918e-02
2.510521019453146039e+02 1.777334648257725291e+02 3.413646852560879574e-02
2.510413969137950971e+02 1.774158873805932615e+02 3.222853901586933412e-02
2.512767838496345405e+02 1.778297095564063852e+02 3.911771151590156398e-02
2.514832785448170114e+02 1.785790050405435068e+02 5.530932951747431076e-02
2.515806963942710581e+02 1.793201711979992581e+02 6.419924971961171734e-02
2.515896120973044106e+02 1.796885150378363107e+02 6.350053499374766486e-02
2.514789444508901397e+02 1.796315478722718524e+02 5.056013200809580943e-02
2.514277320132523812e+02 1.794900903688233882e+02 5.057560170682342399e-02
2.513628985058849423e+02 1.793632568872387765e+02 4.461203284732696839e-02
2.515075865980843446e+02 1.798244704851039728e+02 5.619625891119103822e-02
2.516062291320209852e+02 1.808165577342047925e+02 6.610975751247244458e-02
2.516280517203594229e+02 1.812698817857188942e+02 6.432558559255391328e-02
2.515529463330368287e+02 1.813122017248714144e+02 5.997602196697219418e-02
2.515209343698031432e+02 1.813445385517783848e+02 5.497415271170927320e-02
2.514435136842376721e+02 1.813111446287916806e+02 4.610485877454203324e-02
2.513294220778383590e+02 1.811988861816916199e+02 4.552732335537765240e-02
2.513143159170308536e+02 1.811860257054827059e+02 4.184295677508347022e-02
2.512858722976370132e+02 1.811633625968467527e+02 4.442639646259555902e-02
2.513609905763752010e+02 1.813872168722847391e+02 4.473321215402663309e-02
2.514952778744633974e+02 1.817923940647922620e+02 5.048278351445772277e-02
2.515037037037037067e+02 1.819996751363267151e+02 5.183896043624550143e-02
2.515274058604375398e+02 1.821971509971509988e+02 5.502571837413466199e-02
2.514813035799461147e+02 1.821499916205798684e+02 4.726508617911332616e-02
2.514080442433383666e+02 1.820434621185752349e+02 3.924920395508630505e-02
2.513851258846733856e+02 1.820673163940132326e+02 3.648786273220662457e-02
2.513262146936355066e+02 1.825404854907117453e+02 3.093166260587075153e-02
2.513803173866522229e+02 1.826533678823271600e+02 3.291951889236956891e-02
2.514357092212295868e+02 1.828657797372729590e+02 4.776527310463962034e-02
2.515451057740650640e+02 1.831826765157081809e+02 4.150520168619716010e-02
2.515679854584832071e+02 1.834598316381121776e+02 4.358329788194041654e-02
2.516358742313493337e+02 1.838462621340449346e+02 4.935607379046293153e-02
2.516975416070438598e+02 1.843543076665248748e+02 5.133619522759794163e-02
2.516987534001108600e+02 1.847332662979721931e+02 4.992329607714222905e-02
2.516916270255636903e+02 1.852408735223214933e+02 4.847687924611001481e-02
2.516758221500302852e+02 1.855010583852212847e+02 4.802052313364530561e-02
2.515809000786376259e+02 1.854063451547614534e+02 4.022637325804746811e-02
2.514757241752716936e+02 1.852634077168013960e+02 3.122816516481674923e-02
2.514159492593881851e+02 1.850952366219334522e+02 2.688117982235629227e-02
2.513590903817148217e+02 1.849752149643552457e+02 2.393420221474520243e-02
2.512961622255739940e+02 1.848061414703948628e+02 2.953165487102138789e-02
2.513250106354178683e+02 1.847614443542045422e+02 2.823477846102280531e-02
2.513484652769720640e+02 1.847780201363911772e+02 2.982815742996738559e-02
2.514012092147838757e+02 1.849493006407033420e+02 3.082595299789869792e-02
2.514230266465560533e+02 1.850821982441891862e+02 3.048561962589111871e-02
2.513987701589511516e+02 1.850556109886426555e+02 2.961158164778074364e-02
2.513695169586572433e+02 1.850578025292957420e+02 2.818836936483995470e-02
2.514041433009758748e+02 1.851380412783127838e+02 2.843072797823929104e-02
2.513848809477768782e+02 1.850686338966881976e+02 2.282811875572056740e-02
2.513361462402186248e+02 1.849404184553505957e+02 2.427711386987405073e-02
2.513731291333101296e+02 1.850591251885369672e+02 2.591690193500148162e-02
2.514193242319939259e+02 1.852569413827332312e+02 2.917069523404364900e-02
2.514345799332224658e+02 1.853048897139394739e+02 3.064289489628856111e-02
2.514204406285854247e+02 1.853708086785009925e+02 2.788928852277268444e-02
2.514019285557747025e+02 1.854013793814698658e+02 2.560492967732786590e-02
2.513713526962395690e+02 1.853612071521573910e+02 2.593237163372909965e-02
2.513897513245929645e+02 1.855158345257892734e+02 2.368410875198205534e-02
2.514808987894960808e+02 1.857612329349885840e+02 2.969666499078263758e-02
2.515250518879478250e+02 1.861310386613554044e+02 3.169225612664526570e-02
2.515463407716801498e+02 1.865416689226643996e+02 3.119206920111897499e-02
2.515215840971497130e+02 1.867638009049773871e+02 2.981268773123976756e-02
2.514257467352489925e+02 1.865547021438424053e+02 2.491137151770635855e-02
2.513168709956040345e+02 1.862491162934601903e+02 2.495778061388921262e-02
2.512785473952894790e+02 1.860766729834603268e+02 2.199791159067177038e-02
2.512145853476170316e+02 1.858248701189877750e+02 1.889365871266323813e-02
2.511949517216485503e+02 1.855963207899859526e+02 1.940158048755333958e-02
2.511947428807157223e+02 1.854237820835105879e+02 1.917469157288161780e-02
2.511893877866728531e+02 1.852780111124002644e+02 1.696252465483234773e-02
2.511994637171107740e+02 1.851641618646143570e+02 1.697799435355996575e-02
2.511829111394722247e+02 1.849453687589434310e+02 1.791906769282334763e-02
2.511195085792370776e+02 1.845104845883126359e+02 1.534851942091761123e-02
2.511018989055188229e+02 1.842759639556019522e+02 1.679751453507109457e-02
2.511139343311288883e+02 1.838290881901741614e+02 1.638241095254669780e-02
2.511497466836833325e+02 1.837157494424462811e+02 1.599051191811372979e-02
2.511502210877776520e+02 1.835433654329581827e+02 1.683361049876886881e-02
2.511437057663302141e+02 1.834350517590336551e+02 1.718167872014025876e-02
2.511832953036573031e+02 1.833553415580564945e+02 2.274045712959740090e-02
2.511447731755424115e+02 1.829982055149475855e+02 1.933970169264286748e-02
2.510776630441788768e+02 1.823916463626870836e+02 1.808923437882713897e-02
2.510534349176883211e+02 1.818674917172654659e+02 1.770507019375797825e-02
2.510933957277848663e+02 1.817017132691340748e+02 1.757357775457323024e-02
2.511325495352644737e+02 1.816198991891299670e+02 1.956916889043585836e-02
2.511685707287517175e+02 1.816098181021257858e+02 2.312977788090910328e-02
2.511791932552113451e+02 1.815522037874979162e+02 2.149256809890294148e-02
2.512336904255456318e+02 1.815372626368101407e+02 2.714158641760451574e-02
2.512554459785229142e+02 1.815018086656095591e+02 2.464065178997305525e-02
2.512747934150649201e+02 1.807352954067886230e+02 4.011808536695414540e-02
2.512209072978303652e+02 1.799765943458251058e+02 3.955859792963865168e-02
2.511467661883951337e+02 1.794971703342744149e+02 3.093939745523455881e-02
2.510266878085882638e+02 1.791081976511840708e+02 3.064289489628856111e-02
2.509250544662309323e+02 1.788359696278248236e+02 2.885872297637003675e-02
2.509899498523932948e+02 1.787152312075388920e+02 3.564476415155148209e-02
2.511180492709904399e+02 1.787827564424849527e+02 3.960758530894277485e-02
2.513009939281432423e+02 1.791852212811488698e+02 6.185559036237769232e-02
2.515556432171816823e+02 1.798575524358329858e+02 8.262881747044642511e-02
2.515686532338116024e+02 1.801816503590259231e+02 7.264312694176947027e-02
2.515042425648760513e+02 1.801363653942839562e+02 5.725593327403281918e-02
2.514479586443387404e+02 1.800986708950509865e+02 5.461577135785280340e-02
2.514427866083974550e+02 1.802388701963362507e+02 5.285222570290443872e-02
2.514972528393342941e+02 1.805327093888179775e+02 5.621172860991865278e-02
2.515019401580487681e+02 1.808076214049064845e+02 5.450490518363821507e-02
2.516003558030707268e+02 1.813137744775753788e+02 6.145079991233837191e-02
2.516479870054530750e+02 1.819922548375037081e+02 5.658042309626019895e-02
2.517013832488945582e+02 1.827621250209485595e+02 6.165706256203994096e-02
2.516766317309303815e+02 1.833543102448079765e+02 6.055613566925784064e-02
2.515430689303992438e+02 1.833148805610344141e+02 4.855938430599063965e-02
2.514211909089737276e+02 1.830717355712830852e+02 3.911513323278029142e-02
2.512603911255494893e+02 1.826939990460352590e+02 2.876332650088306297e-02
2.512141573526188836e+02 1.825199700919157806e+02 2.895154116873573796e-02
2.512626780626780487e+02 1.826607598200358495e+02 2.874527851903417586e-02
2.513902360418197475e+02 1.829477536708305934e+02 3.282412241688259513e-02
2.514549896224104373e+02 1.832651403230588869e+02 3.533794846012040802e-02
2.515775869848268087e+02 1.838082092534581307e+02 4.026246922174524234e-02
2.516646917017957605e+02 1.844528548039860141e+02 4.670044217555530119e-02
2.515460700519523982e+02 1.853523301233708480e+02 4.219875984581866746e-02
2.516376944992329641e+02 1.858737079578708631e+02 4.316561601629474720e-02
2.516221345605960948e+02 1.861242139459334055e+02 3.593095357801240342e-02
2.515925822794601174e+02 1.864666331489860909e+02 3.912544636526536779e-02
2.515840275360637293e+02 1.867888128295368233e+02 4.002784545770970981e-02
2.515280710574828333e+02 1.869571283082595414e+02 3.602892833662064281e-02
2.515360431088937787e+02 1.871671861907155971e+02 3.406943316445578546e-02
2.514834487115030015e+02 1.872365162238465359e+02 3.105799847881295789e-02
2.514643281638756775e+02 1.873225483750370586e+02 2.856995526678784633e-02
2.514378930270333115e+02 1.874143043147568051e+02 3.158654651867321556e-02
2.514517616119426009e+02 1.875539157674904231e+02 3.076149591986696019e-02
2.514211548130100198e+02 1.875827358162199801e+02 2.589885395315259450e-02
2.514075749958102790e+02 1.876410127496100415e+02 2.450142450142449996e-02
2.514174266156166482e+02 1.877901818978741915e+02 2.717768238130228997e-02
2.513926080622913162e+02 1.877665674027664977e+02 2.382591432365187972e-02
2.513420685565481847e+02 1.876874966160034148e+02 2.229957071586030973e-02
2.513498008276288829e+02 1.876818604891003019e+02 2.213456059609905657e-02
2.513837645511853793e+02 1.877664178623454632e+02 2.345979812043160612e-02
2.514015882224026939e+02 1.879943767645125092e+02 2.621082621082621023e-02
2.514489719096054046e+02 1.882539247914813529e+02 2.621856106019002097e-02
2.513725335499091216e+02 1.881805159144525703e+02 2.774490466798159097e-02
2.513554782070619069e+02 1.882111356048007735e+02 2.284358845444818195e-02
2.513364582124763160e+02 1.881642417913911061e+02 2.114965644377408971e-02
2.512829897771074172e+02 1.879998942903920351e+02 1.749880754405641267e-02
2.512128914156063502e+02 1.876822394967191485e+02 1.613747405602609236e-02
2.511743821789070523e+02 1.873744311662863709e+02 1.846566371453249242e-02
2.511844374830800177e+02 1.871502288226270139e+02 1.361333488030320657e-02
2.511606038339070039e+02 1.869331992626110264e+02 1.689806757680061000e-02
2.511861391499400611e+02 1.868493380258086063e+02 1.752201209214783797e-02
2.511719328099418647e+02 1.866856995526678702e+02 1.530726689097729881e-02
2.512154129764989534e+02 1.865890422967346183e+02 1.629990589266607295e-02
2.512160085598999615e+02 1.863740160627038449e+02 2.324580062136623326e-02
2.513275966533884969e+02 1.862508901522476208e+02 2.876848306712560116e-02
2.513286331232032467e+02 1.862372329865542611e+02 2.415851284629565165e-02
2.513516907091567703e+02 1.861663173093037358e+02 1.962846940222505790e-02
2.513151976898583371e+02 1.860726689097729718e+02 1.982699720256281273e-02
2.512744891776565908e+02 1.859711567467223574e+02 1.673821402328189503e-02
2.513010841680524834e+02 1.859448685720178958e+02 1.967230021528663941e-02
2.513035902592463628e+02 1.859524384112619373e+02 1.920305268721558475e-02
2.513647754959972076e+02 1.860816310219025240e+02 2.135076252723311710e-02
2.514258782276881732e+02 1.862558095164430085e+02 2.056696445836717416e-02
2.514106379961583571e+02 1.863066764641425266e+02 2.133787111162676817e-02
2.514038725812481516e+02 1.863055342847198119e+02 2.286421471941833816e-02
2.513955937141457468e+02 1.863589459978600189e+02 2.013639117711515936e-02
2.513496487089247182e+02 1.862857047092341247e+02 2.062626497015637370e-02
2.513411068569439522e+02 1.863430070516043315e+02 2.156733830941975905e-02
2.513168065385260093e+02 1.863340861920047473e+02 2.042000232045480812e-02
2.512560776578876016e+02 1.860500908844800279e+02 1.584097149708009467e-02
2.512593623905841014e+02 1.859661162032202810e+02 1.544391589640458501e-02
2.512742648670250389e+02 1.858356241378865832e+02 1.711206507586597939e-02
2.512291449124028304e+02 1.856604658957600122e+02 1.552642095628520985e-02
2.512527233115468448e+02 1.854148534890616418e+02 1.769217877815162931e-02
2.512941872607030973e+02 1.853903185468796266e+02 1.719199185262533514e-02
2.513120031970710784e+02 1.853421587964574258e+02 1.865903494862770906e-02
2.513359038816052475e+02 1.853695066455247513e+02 2.057469930773098143e-02
2.513228319861804039e+02 1.853358497376596858e+02 1.963878253471013774e-02
2.512475126013587499e+02 1.850413169870183481e+02 1.676657513761586199e-02
2.511805391190006560e+02 1.846324812107617674e+02 1.539235023397919275e-02
2.511208699127251123e+02 1.841311649972283533e+02 1.215144835054337256e-02
2.510794910469118690e+02 1.837636152685926447e+02 1.572237047350169559e-02
2.510842608706862222e+02 1.834511170411622913e+02 1.415735261889108053e-02
2.511680782766755726e+02 1.833833984349821549e+02 1.789328486161065324e-02
2.511568782147967624e+02 1.832721120006187903e+02 2.000489873793041135e-02
2.512274303541271934e+02 1.832457722602518970e+02 2.126825746735248879e-02
2.512665712701911787e+02 1.832564772917714038e+02 2.561524280981294574e-02
2.512766832965928074e+02 1.831973701512163188e+02 2.354488146343350005e-02
2.512653904165216261e+02 1.830992871047169785e+02 1.997138105735390967e-02
2.512958090007863632e+02 1.831134135179383975e+02 2.608964690412654205e-02
2.513284913176316024e+02 1.831332018408941451e+02 2.806976834126155562e-02
2.513789431617485945e+02 1.832743422155186863e+02 2.961931649714455092e-02
2.514894922071392784e+02 1.835787420556651455e+02 3.549780201363911952e-02
2.514541207409985759e+02 1.836332856350956035e+02 3.173093037346431250e-02
2.513310103002410756e+02 1.832693455028296796e+02 2.554305088241739727e-02
2.511605522682445724e+02 1.826277629526498174e+02 1.980121437135011833e-02
2.510613115726237936e+02 1.820945636900387967e+02 1.994559822614121181e-02
2.510967294478606675e+02 1.819828982480566140e+02 2.136365394283946256e-02
2.510842479792706001e+02 1.817909399131118562e+02 2.100785087210426533e-02
2.510981397687280037e+02 1.816259040105194060e+02 2.186384086836575674e-02
2.512066803315672132e+02 1.817411584226063894e+02 3.007825089273052921e-02
2.513775251060318965e+02 1.821211870415490353e+02 3.504402418429567595e-02
2.514546106147916191e+02 1.823769759317270598e+02 3.404622861636436015e-02
2.514569491175826101e+02 1.825039641102989378e+02 3.595157984298255616e-02
2.514601797063335482e+02 1.825486534916399251e+02 3.733096131286176705e-02
2.514784236376996489e+02 1.826909901896327142e+02 3.426022611542973301e-02
2.515533279189387770e+02 1.829158448389217710e+02 3.823336040530610908e-02
2.515147155509146444e+02 1.831685062716736923e+02 3.879800440886413404e-02
2.515173221951502569e+02 1.835118433435175405e+02 4.058733289502520353e-02
2.515160382101558696e+02 1.838599734436838560e+02 4.217555529772724215e-02
2.515514947596395530e+02 1.841339263384512321e+02 4.448569697438475856e-02
2.514873367624498712e+02 1.842978071702053740e+02 4.419692926480256467e-02
2.514259323716337349e+02 1.842673241288625832e+02 3.877222157765144311e-02
2.513565353031416407e+02 1.841810521973417849e+02 3.241933196684328167e-02
2.513182529553570248e+02 1.835504608681079333e+02 3.680499155612277501e-02
2.513349138208866691e+02 1.832756932358742290e+02 3.156849853682432844e-02
2.515015714635624136e+02 1.837612355132717141e+02 3.495636255817251292e-02
2.516917559397197408e+02 1.844048626419667016e+02 7.120444496010107371e-02
2.517115133232780408e+02 1.848360650243003249e+02 7.619342279975764576e-02
2.516666769797991492e+02 1.851025099586185547e+02 5.775612019955911336e-02
2.516157275270397520e+02 1.851366258008791874e+02 4.278145183122558648e-02
2.515933738123783314e+02 1.852421729770146044e+02 3.957922419460881136e-02
2.515264493173995390e+02 1.851773059519665878e+02 3.768934266671822991e-02
2.515484394941408652e+02 1.853237601681040587e+02 3.645434505163012290e-02
2.516013097678255974e+02 1.855646079075943362e+02 4.048935813641695719e-02
2.516964174756029990e+02 1.861540704644777122e+02 4.580062136623222480e-02
2.516935426899227934e+02 1.865858194428330137e+02 4.641940931533691805e-02
2.516576143146278923e+02 1.867829523920021586e+02 4.316045945005220902e-02
2.515731317115932484e+02 1.869627077129339625e+02 3.499503680499155278e-02
2.514984749455337578e+02 1.869811527503835293e+02 3.274161735700197029e-02
2.514085831045107113e+02 1.868057805107578986e+02 2.805429864253393760e-02
2.513536914568588827e+02 1.866428381740599036e+02 2.813422541929329335e-02
2.513418622938984868e+02 1.865776720681698180e+02 2.443954570651403133e-02
2.513655644506323199e+02 1.866045609828415195e+02 2.286679300253960725e-02
2.513814131569787662e+02 1.866676773536501912e+02 2.371246986631601883e-02
2.513370228564798765e+02 1.865849222003068064e+02 2.252645963053202804e-02
2.513290301788039471e+02 1.865749004138144471e+02 2.009771693029611603e-02
2.513594977504479857e+02 1.866304108494153695e+02 1.987082801562439424e-02
2.513299171081976624e+02 1.865763545654948246e+02 2.143326758711374194e-02
2.513600752858671399e+02 1.866198063709375958e+02 2.435188408039086830e-02
2.513379742429516170e+02 1.866296373644789810e+02 2.097433319152776018e-02
2.513256294233669905e+02 1.866312126954660755e+02 2.004615126787072377e-02
2.513966894844722901e+02 1.868969176625285229e+02 2.080674478864524141e-02
2.513980662876590486e+02 1.870170115120341450e+02 2.305758595351355481e-02
2.513450619432519773e+02 1.868516043366722101e+02 2.494231091516159460e-02
2.512940583465470468e+02 1.866906885305075434e+02 2.114965644377408971e-02
2.513042528780085263e+02 1.866023256113753916e+02 2.244137628753013411e-02
2.513304946436168166e+02 1.866671152879297608e+02 2.526975287156282488e-02
2.513616119426074249e+02 1.867514096762965607e+02 2.444728055587784207e-02
2.513701409031725689e+02 1.867540885124595604e+02 2.176070954351497222e-02
2.513448324760541936e+02 1.867338567248069410e+02 1.890139356202704540e-02
2.513767748256435937e+02 1.867626303644403265e+02 2.180711863969782630e-02
2.514061981926235205e+02 1.868021734926712440e+02 2.338244962679351946e-02
2.513705044410926632e+02 1.867734282141522044e+02 2.026272705005736571e-02
2.512870815124208832e+02 1.865513735803328643e+02 1.967487849840790851e-02
2.512514625311005432e+02 1.863872684379471707e+02 1.446674659344342542e-02
2.512418378002088275e+02 1.862794472160987880e+02 1.651905995797398399e-02
2.512907555658686931e+02 1.863025305848835274e+02 1.883177991775276949e-02
2.513315285351484363e+02 1.862730427608255752e+02 2.043805030230369524e-02
2.513353753335653664e+02 1.862639594693893343e+02 1.728481004499103982e-02
2.513430895566642107e+02 1.862392156862745196e+02 2.191540653079114553e-02
2.513101958206030702e+02 1.861977981462144385e+02 2.084284075234301564e-02
2.513200165010119633e+02 1.861452243750886169e+02 2.227894445089015352e-02
2.513268437947170924e+02 1.861674465973108568e+02 2.402444212398963455e-02
2.513489680421807009e+02 1.862270255636771594e+02 2.043031545293988796e-02
2.514135798171997180e+02 1.863746889945985004e+02 2.539608874450503470e-02
2.514169496332392271e+02 1.864508824173982475e+02 2.504544224001237565e-02
2.513843214603395495e+02 1.864219489242113639e+02 2.155444689381341011e-02
2.513985045957896602e+02 1.865256500496319632e+02 2.121153523868455834e-02
2.513582292351523222e+02 1.864268631318405198e+02 2.228152273401142261e-02
2.512050637480501791e+02 1.860108158976937318e+02 1.467300924314498926e-02
2.511887096982119658e+02 1.858332057083188431e+02 1.532531487282618420e-02
2.511799590052983717e+02 1.854984981500818719e+02 1.502881231388018650e-02
2.511650591071405643e+02 1.852806822137138738e+02 1.670469634270539336e-02
2.513293988732902733e+02 1.847765479367289458e+02 3.371105181059932260e-02
2.513319410604478605e+02 1.844852689793866318e+02 2.925320029392427731e-02
2.513527710097845898e+02 1.843798455608410336e+02 2.706165964084515999e-02
2.512789985948357128e+02 1.841541452346882295e+02 2.871433912157893981e-02
2.511702646607623990e+02 1.837837980688659343e+02 2.612316458470304720e-02
2.510751930489487052e+02 1.833139085482976895e+02 2.346753296979541339e-02
2.509958051333616993e+02 1.828907040002062558e+02 2.219386110788825611e-02
2.510223124621314525e+02 1.824320351677817769e+02 2.494231091516159460e-02
2.510916141341480738e+02 1.819740289541194613e+02 2.345979812043160612e-02
2.511325314872826198e+02 1.817399027987263196e+02 2.161890397184514784e-02
2.511195188923695696e+02 1.814470742932281269e+02 2.188704541645718205e-02
2.510964329453017285e+02 1.811207177940209476e+02 2.379239664307537458e-02
2.511178223820757864e+02 1.808910314421626708e+02 2.372278299880109867e-02
2.510469402225058388e+02 1.805601835737582235e+02 2.421007850872104392e-02
2.510542548117208810e+02 1.801097523559062097e+02 2.045867656727385145e-02
2.510358200874038062e+02 1.795736370550850154e+02 2.260638640729138379e-02
2.509990460352451294e+02 1.793207822510989899e+02 2.675484394941408592e-02
2.510847069136661958e+02 1.791444740947003424e+02 2.772943496925397294e-02
2.511114411313506309e+02 1.790067241623802659e+02 2.928929625762204808e-02
2.511313944644261369e+02 1.788690954093669063e+02 3.171030410849415282e-02
2.511148186822395019e+02 1.788299622281522829e+02 3.210993799229093504e-02
2.511467919712263495e+02 1.785786079849428347e+02 3.115339495429993166e-02
2.510670534091348429e+02 1.780850936561343758e+02 2.852354617060499573e-02
2.509362261669953966e+02 1.774942878137448190e+02 3.442781451831225525e-02
2.509899988397725963e+02 1.771616686648360997e+02 3.261785976718103303e-02
2.510153201583065936e+02 1.770199507547923758e+02 4.083484807466707806e-02
2.511335447525492839e+02 1.770943832102203146e+02 3.879800440886413404e-02
2.512334635366309499e+02 1.772155212643900484e+02 4.244369674233927636e-02
2.512293047659563570e+02 1.772154413376132709e+02 5.092366992819481741e-02
2.513653917056631997e+02 1.775037114385530685e+02 5.188021296618581385e-02
2.514878395276585366e+02 1.779621868997434717e+02 5.493290018176896078e-02
2.514332907916618183e+02 1.780575266530017586e+02 5.021464206984568857e-02
2.514782818321279763e+02 1.783039924714132951e+02 5.406917533614365862e-02
2.515342666718232465e+02 1.786487836949375492e+02 7.655696071985665374e-02
2.515579971896713971e+02 1.790765002384911782e+02 6.812339663018396330e-02
2.515975403179023147e+02 1.796096169960423481e+02 6.926299776978510347e-02
2.516161735700197255e+02 1.800565958927949737e+02 6.579778525479883233e-02
2.516142321228294065e+02 1.805487824057959756e+02 6.027252452591819187e-02
2.516139949207822610e+02 1.809035129107527382e+02 5.781026414510577471e-02
2.515980018305810120e+02 1.811480140774258416e+02 5.632775135037578623e-02
2.515711928426860595e+02 1.813732296863518627e+02 5.729460752085186598e-02
2.515864201828002820e+02 1.815635404983821388e+02 5.914839308504466625e-02
2.515622745613695770e+02 1.817963027420040873e+02 5.276972064302381388e-02
2.515612896572172588e+02 1.819747225122790724e+02 4.993360920962731236e-02
2.515763287826636372e+02 1.822223459798120473e+02 4.766214177978883582e-02
2.515383970813834935e+02 1.823178223820757751e+02 4.826546003016591452e-02
2.513887329027600401e+02 1.820782225316162055e+02 4.094313596576040076e-02
2.512893632929832108e+02 1.818577793247476393e+02 3.198618040246999777e-02
2.512265408464503480e+02 1.817058823529411882e+02 3.400497608642404773e-02
2.512215802297250207e+02 1.815394026118007957e+02 3.279060473630609346e-02
2.512389475448298981e+02 1.815565146768766738e+02 3.581493083755526996e-02
2.512602957290740164e+02 1.815403694679712885e+02 3.895785796238285248e-02
2.513003983447422343e+02 1.816138634283430804e+02 3.778731742532647625e-02
2.513830735713088700e+02 1.818795039383274741e+02 4.298255791468461040e-02
2.513409959907697555e+02 1.818134380116280511e+02 3.345322349847236476e-02
2.512879014064534431e+02 1.816682574673525039e+02 3.382191798481391093e-02
2.511981462144358090e+02 1.814250145028425436e+02 2.432610124917817390e-02
2.511867708293047770e+02 1.813607043869487256e+02 2.714416470072578830e-02
2.512104910340204356e+02 1.813147387554627414e+02 2.639388431243634703e-02
2.511800621366232349e+02 1.812533343646465767e+02 3.314125124079875251e-02
2.513024300318417943e+02 1.812332959482280614e+02 3.915122919647806565e-02
2.513351510229338146e+02 1.811109821969550353e+02 3.513942065978264973e-02
2.513821634373670690e+02 1.811954776914053014e+02 3.423186500109576952e-02
2.512796380090497621e+02 1.809930824663856299e+02 3.842157507315878406e-02
2.512706217529747050e+02 1.809459462943625851e+02 3.952765853218341563e-02
2.512887445050340887e+02 1.809135604800763133e+02 4.090961828518389909e-02
2.512919879852006488e+02 1.809053486483350639e+02 5.167395031648425174e-02
2.513368707377757119e+02 1.809642237434092635e+02 4.120612084412989679e-02
2.513601681040595111e+02 1.810375062845650973e+02 4.032692629977698007e-02
2.513965373657681255e+02 1.811701641077206659e+02 4.026246922174524234e-02
2.514193448582588815e+02 1.812591535496512734e+02 3.683850923669928362e-02
2.513660749506903471e+02 1.811298732773845757e+02 3.216150365471632383e-02
2.512396385247064075e+02 1.807622616699539719e+02 2.809812945559551911e-02
2.511878794910469139e+02 1.804725657784481427e+02 2.610769488597542917e-02
2.511362210104291535e+02 1.802023333462247479e+02 2.334119709685320704e-02
2.511640587332894938e+02 1.800844593984865583e+02 2.233824496267935306e-02
2.512081912054762824e+02 1.800891570303334959e+02 2.615152569903701069e-02
2.511962872723053692e+02 1.800135746606334806e+02 2.607933377164146568e-02
2.512162586533627291e+02 1.799279653478748457e+02 2.963736447899343804e-02
2.512361707339082955e+02 1.799024558146730044e+02 2.626239187325160249e-02
2.512138814763249286e+02 1.798179087545603352e+02 2.707712933957277801e-02
2.511654716324399601e+02 1.796456124066983762e+02 2.843330626136056014e-02
2.511165538667801229e+02 1.794055613566925729e+02 2.982300086372484393e-02
2.511526292042129285e+02 1.792516275412203015e+02 3.045725851155715522e-02
2.511922419460881031e+02 1.792770287865310479e+02 3.507238529862963944e-02
2.512383313351639060e+02 1.792599089866058080e+02 3.414678165809387211e-02
2.512293253922213125e+02 1.792219850201750546e+02 4.072398190045248972e-02
2.512966572559332690e+02 1.792973482358097783e+02 4.316045945005220902e-02
2.513007773523610524e+02 1.793193822433641458e+02 3.976743886246148635e-02
2.513500070902785808e+02 1.794098722460713304e+02 3.985510048858464938e-02
2.513963027420041101e+02 1.795885189052609974e+02 4.195640123241933112e-02
2.514664165732039010e+02 1.798424643230073059e+02 4.931997782676515729e-02
2.515141663766098077e+02 1.801077696561859511e+02 5.286253883538951509e-02
2.514611233579559268e+02 1.801593404751775722e+02 4.958296270513465331e-02
2.514472702427453612e+02 1.801770532802206901e+02 4.310115893826300948e-02
2.513930051178919882e+02 1.801038016784623039e+02 3.789044875017725383e-02
2.513482048703768044e+02 1.800986322208041770e+02 3.606502430031841705e-02
2.513475164687834251e+02 1.800653053331786282e+02 3.583040053628289145e-02
2.512904461718941320e+02 1.798504570006832353e+02 3.296592798855241951e-02
2.511107501514741216e+02 1.790089285944489461e+02 2.762372536128192280e-02
2.509123847829730209e+02 1.780029676038725768e+02 2.984620541181627271e-02
2.509053615397506860e+02 1.771601964651738399e+02 3.552874141109435557e-02
2.510354720191824356e+02 1.768854597723376116e+02 3.515489035851027122e-02
2.510897371440357801e+02 1.766268605535573784e+02 3.838805739258228239e-02
2.510278918668059021e+02 1.762935143288084419e+02 4.316303773317348158e-02
2.510144667465934560e+02 1.760088976550514985e+02 4.295677508347191947e-02
2.510979077232470900e+02 1.758893529798507132e+02 4.021863840868365736e-02
2.510245323638988850e+02 1.755592502352683368e+02 4.377409083291436409e-02
2.509138930785989601e+02 1.744179835247708468e+02 3.237292287066042412e-02
2.508336904255456261e+02 1.728874321589253782e+02 4.242822704361166181e-02
2.508419667143649008e+02 1.716883345580178286e+02 5.552332701653968361e-02
2.509037526910830138e+02 1.708810431733508608e+02 6.399556535303141391e-02
2.510003532247876024e+02 1.707129468486934627e+02 7.070425803457477953e-02
